0.0;1.0;
0.016;1.006060606060606;
0.04;1.01840490797546;
0.068;1.0290456431535269;
0.112;1.0552016985138004;
0.084;1.0418410041841004;
0.108;1.0508474576271187;
0.128;1.0642398286937902;
0.148;1.0735930735930737;
0.144;1.0691144708423326;
0.192;1.1019955654101996;
0.22;1.1126126126126126;
0.256;1.1402298850574712;
0.256;1.1402298850574712;
0.284;1.1565420560747663;
0.26;1.140552995391705;
0.288;1.154566744730679;
0.352;1.1995133819951338;
0.352;1.2019464720194648;
0.324;1.1818181818181819;
0.452;1.2772020725388602;
0.44;1.2699228791773778;
0.524;1.3342391304347827;
0.5;1.3155080213903743;
0.484;1.2962962962962963;
0.524;1.3396739130434783;
0.492;1.300531914893617;
0.504;1.3163538873994638;
0.66;1.4610778443113772;
0.636;1.4252199413489737;
0.508;1.314516129032258;
0.696;1.4984615384615385;
0.64;1.4395280235988202;
0.604;1.410919540229885;
0.732;1.518987341772152;
0.748;1.4792332268370607;
0.668;1.4728915662650603;
0.748;1.544871794871795;
0.772;1.5816993464052287;
0.832;1.563573883161512;
0.776;1.5836065573770493;
0.736;1.4857142857142858;
0.748;1.5544871794871795;
0.892;1.7318840579710144;
0.732;1.5316455696202531;
0.964;1.725868725868726;
0.916;1.7785977859778597;
0.96;1.5521235521235521;
0.888;1.6750902527075813;
0.968;1.573643410852713;
0.952;1.8237547892720307;
1.016;1.873469387755102;
0.924;1.5522388059701493;
1.084;1.8;
1.028;1.8512396694214877;
1.232;1.7128205128205127;
1.184;1.4585365853658536;
1.192;1.5172413793103448;
1.172;1.9138755980861244;
1.284;1.9086021505376345;
1.236;2.2590673575129534;
1.092;1.9030837004405285;
1.264;1.8148148148148149;
1.164;1.9903846153846154;
1.32;1.9425287356321839;
1.368;1.855421686746988;
1.264;1.946236559139785;
1.444;1.3856209150326797;
1.364;1.4114285714285715;
1.32;1.7670454545454546;
1.432;1.4545454545454546;
1.404;1.3719512195121952;
1.44;1.5432098765432098;
1.336;1.7430167597765363;
1.524;1.5070422535211268;
1.424;2.138157894736842;
1.556;1.4351145038167938;
1.42;1.5403726708074534;
1.616;1.6016949152542372;
1.68;1.4363636363636363;
1.464;1.4285714285714286;
1.676;1.4695652173913043;
1.68;1.3603603603603605;
1.728;1.2456140350877194;
1.844;1.2604166666666667;
1.708;1.2912621359223302;
1.692;1.2661290322580645;
1.696;1.3539823008849559;
1.78;1.3402061855670102;
2.02;1.2470588235294118;
1.96;1.2926829268292683;
1.896;1.411764705882353;
1.796;1.3465346534653466;
1.944;1.1325301204819278;
1.84;1.3111111111111111;
1.912;1.1894736842105262;
1.968;1.2142857142857142;
1.912;1.1568627450980393;
1.88;1.1720430107526882;
2.036;1.2857142857142858;
2.18;1.1323529411764706;
1.88;1.28125;
2.044;1.2077922077922079;
2.088;1.2692307692307692;
2.16;1.1875;
2.06;1.303030303030303;
2.176;1.323076923076923;
2.276;1.280701754385965;
2.22;1.2096774193548387;
2.32;1.1923076923076923;
2.22;1.2238805970149254;
2.22;1.1587301587301588;
2.308;1.1176470588235294;
2.172;1.2571428571428571;
2.32;1.1896551724137931;
2.324;1.0535714285714286;
2.3;1.3454545454545455;
2.428;1.0789473684210527;
2.164;1.1388888888888888;
2.292;1.1111111111111112;
2.364;1.2790697674418605;
2.244;1.1228070175438596;
2.296;1.203125;
2.356;1.3541666666666667;
2.38;1.11864406779661;
2.42;1.1818181818181819;
2.488;1.1020408163265305;
2.448;1.1666666666666667;
2.452;1.22;
2.52;1.183673469387755;
2.564;1.1176470588235294;
2.544;1.1702127659574468;
2.476;1.1956521739130435;
2.76;1.121212121212121;
2.828;1.096774193548387;
2.684;1.2391304347826086;
2.904;1.1875;
2.696;1.125;
2.724;1.0555555555555556;
2.9;1.0;
2.716;1.0526315789473684;
2.824;1.1612903225806452;
2.996;1.0769230769230769;
2.864;1.064516129032258;
3.0;1.0869565217391304;
2.836;1.0;
2.84;1.2258064516129032;
2.836;1.0606060606060606;
2.936;1.064516129032258;
3.016;1.125;
2.976;1.1142857142857143;
2.916;1.1176470588235294;
3.072;1.09375;
2.932;1.0714285714285714;
3.024;1.125;
3.016;1.0;
3.2;1.0625;
3.204;1.0869565217391304;
2.896;1.09375;
3.22;1.1481481481481481;
3.212;1.1333333333333333;
3.156;1.0416666666666667;
3.292;1.2173913043478262;
3.404;1.0;
3.128;1.125;
3.624;1.0909090909090908;
3.372;1.0555555555555556;
3.132;1.2666666666666666;
3.228;1.0714285714285714;
3.34;1.0454545454545454;
3.368;1.0555555555555556;
3.492;1.1578947368421053;
3.396;1.1764705882352942;
3.428;1.0909090909090908;
3.532;1.0;
3.388;1.0625;
3.576;1.0909090909090908;
3.568;1.0666666666666667;
3.672;1.0;
3.736;1.0909090909090908;
3.564;1.0625;
3.56;1.1818181818181819;
3.652;1.0666666666666667;
3.764;1.0;
3.608;1.0;
3.488;1.0;
3.776;1.0;
3.712;1.0;
3.764;1.0;
3.716;1.0;
3.54;1.0;
3.856;1.0;
3.82;1.1111111111111112;
3.68;1.0;
3.968;1.125;
3.72;1.0;
3.828;1.2;
3.808;1.1111111111111112;
4.04;1.0;
3.872;1.0;
0.008;1.0020120724346075;
0.02;1.008097165991903;
0.032;1.0142566191446027;
0.068;1.0311203319502074;
0.076;1.0354166666666667;
0.1;1.0464135021097047;
0.108;1.0529661016949152;
0.152;1.0780911062906724;
0.176;1.09010989010989;
0.176;1.0857142857142856;
0.14;1.0689655172413792;
0.212;1.1121076233183858;
0.268;1.1481481481481481;
0.256;1.1402298850574712;
0.344;1.1961259079903148;
0.324;1.1818181818181819;
0.356;1.2;
0.34;1.1932367149758454;
0.312;1.175771971496437;
0.348;1.1961259079903148;
0.42;1.251269035532995;
0.428;1.25;
0.408;1.2418136020151134;
0.496;1.2933333333333332;
0.508;1.325268817204301;
0.496;1.296;
0.48;1.2955145118733509;
0.54;1.3461538461538463;
0.468;1.293193717277487;
0.648;1.427299703264095;
0.628;1.435672514619883;
0.672;1.459214501510574;
0.612;1.416184971098266;
0.748;1.5591054313099042;
0.612;1.4121037463976944;
0.716;1.515625;
0.852;1.6993006993006994;
0.76;1.5469255663430421;
0.796;1.59;
0.82;1.6598639455782314;
0.784;1.6085526315789473;
0.776;1.5672131147540984;
0.828;1.643835616438356;
0.916;1.7407407407407407;
0.82;1.6360544217687074;
0.912;1.5608856088560885;
0.884;1.6474820143884892;
1.012;1.814516129032258;
0.976;1.78515625;
0.944;1.806083650190114;
1.004;1.7903225806451613;
1.008;1.736842105263158;
1.068;1.9184549356223175;
1.024;1.7172131147540983;
1.0;1.7389558232931728;
1.088;2.004366812227074;
1.212;1.4405940594059405;
1.092;1.7533039647577093;
1.144;1.7361111111111112;
1.212;2.116751269035533;
1.192;1.6878048780487804;
1.132;1.9311926605504588;
1.208;1.7085427135678393;
1.34;1.7283236994219653;
1.384;1.7575757575757576;
1.28;1.548913043478261;
1.432;1.5096774193548388;
1.312;1.5567567567567568;
1.452;1.3766233766233766;
1.284;1.8950276243093922;
1.444;1.3974358974358974;
1.464;1.3397435897435896;
1.404;1.4088050314465408;
1.48;1.6382978723404256;
1.584;1.464;
1.444;1.4203821656050954;
1.572;1.2868217054263567;
1.408;1.4493670886075949;
1.612;1.4873949579831933;
1.412;1.5562913907284768;
1.616;1.4344262295081966;
1.752;1.2641509433962264;
1.676;1.2016129032258065;
1.732;1.3603603603603605;
1.568;1.2932330827067668;
1.6;1.255639097744361;
1.644;1.3391304347826087;
1.732;1.2566371681415929;
1.796;1.5319148936170213;
1.796;1.3736263736263736;
1.696;1.2946428571428572;
1.816;1.297029702970297;
2.0;1.2560975609756098;
1.892;1.2190476190476192;
1.764;1.3925233644859814;
1.96;1.358974358974359;
1.968;1.1975308641975309;
1.896;1.3431372549019607;
1.984;1.2291666666666667;
1.992;1.2894736842105263;
1.944;1.372340425531915;
2.032;1.1645569620253164;
2.116;1.1714285714285715;
2.072;1.4266666666666667;
2.168;1.3432835820895523;
2.032;1.2771084337349397;
2.184;1.1612903225806452;
2.124;1.1710526315789473;
2.104;1.1384615384615384;
2.132;1.144927536231884;
2.164;1.271186440677966;
2.3;1.150943396226415;
2.312;1.15;
2.204;1.1475409836065573;
2.316;1.3018867924528301;
2.292;1.2413793103448276;
2.176;1.2461538461538462;
2.292;1.271186440677966;
2.352;1.2553191489361701;
2.448;1.2692307692307692;
2.348;1.3265306122448979;
2.408;1.1851851851851851;
2.46;1.1929824561403508;
2.556;1.12;
2.264;1.1818181818181819;
2.488;1.1914893617021276;
2.576;1.1304347826086956;
2.448;1.1538461538461537;
2.52;1.146341463414634;
2.468;1.2;
2.624;1.131578947368421;
2.66;1.162162162162162;
2.616;1.069767441860465;
2.64;1.119047619047619;
2.748;1.088235294117647;
2.544;1.0909090909090908;
2.568;1.0357142857142858;
2.816;1.0588235294117647;
2.816;1.096774193548387;
2.824;1.1785714285714286;
2.8;1.1;
2.792;1.1219512195121952;
2.748;1.2058823529411764;
3.024;1.096774193548387;
2.812;1.0344827586206897;
3.104;1.088235294117647;
3.048;1.1304347826086956;
2.864;1.12;
3.016;1.2083333333333333;
2.792;1.1481481481481481;
2.968;1.1666666666666667;
3.088;1.1875;
2.96;1.103448275862069;
3.052;1.1724137931034482;
3.064;1.0;
3.136;1.0;
3.18;1.1428571428571428;
3.2;1.1363636363636365;
3.388;1.1875;
3.128;1.0952380952380953;
3.196;1.0909090909090908;
3.148;1.0869565217391304;
3.372;1.105263157894737;
3.216;1.1153846153846154;
3.508;1.0434782608695652;
3.164;1.0434782608695652;
3.3;1.15;
3.488;1.0;
3.404;1.0588235294117647;
3.46;1.0;
3.352;1.0588235294117647;
3.388;1.0526315789473684;
3.264;1.0;
3.36;1.0454545454545454;
3.328;1.15;
3.484;1.0;
3.532;1.1111111111111112;
3.412;1.0;
3.468;1.0555555555555556;
3.584;1.0625;
3.78;1.0666666666666667;
3.604;1.0833333333333333;
3.496;1.0;
3.748;1.0;
3.64;1.0769230769230769;
3.56;1.0666666666666667;
3.556;1.1111111111111112;
3.772;1.0;
3.896;1.1;
3.82;1.0;
3.832;1.0;
3.82;1.0;
3.912;1.0;
3.86;1.0;
3.752;1.0;
3.976;1.0;
4.012;1.0;
3.912;1.0;
3.84;1.0;
3.936;1.0769230769230769;
0.004;1.0;
0.028;1.0121951219512195;
0.072;1.0332640332640333;
0.068;1.0311203319502074;
0.076;1.0354166666666667;
0.092;1.0441176470588236;
0.088;1.0419287211740043;
0.132;1.0665236051502145;
0.232;1.124716553287982;
0.224;1.1173814898419865;
0.192;1.099778270509978;
0.22;1.1193693693693694;
0.256;1.1333333333333333;
0.216;1.1146067415730336;
0.312;1.173396674584323;
0.3;1.1674528301886793;
0.316;1.1785714285714286;
0.352;1.197080291970803;
0.352;1.1995133819951338;
0.408;1.2443324937027709;
0.316;1.1785714285714286;
0.416;1.2430379746835443;
0.44;1.2724935732647815;
0.412;1.2398989898989898;
0.548;1.3591160220994476;
0.532;1.330601092896175;
0.488;1.3050397877984086;
0.48;1.2823218997361479;
0.604;1.4137931034482758;
0.648;1.4451038575667656;
0.592;1.4017094017094016;
0.68;1.486322188449848;
0.572;1.3707865168539326;
0.628;1.4239766081871346;
0.644;1.4408284023668638;
0.764;1.5714285714285714;
0.724;1.528301886792453;
0.764;1.5714285714285714;
0.732;1.5316455696202531;
0.848;1.5749128919860627;
0.744;1.5541401273885351;
0.84;1.6539792387543253;
0.92;1.7657992565055762;
0.732;1.518987341772152;
0.832;1.6391752577319587;
0.892;1.673913043478261;
0.952;1.8122605363984674;
0.928;1.7865168539325842;
0.94;1.7962264150943397;
0.992;1.9203187250996017;
1.036;1.7541666666666667;
0.988;1.6468253968253967;
1.088;1.920704845814978;
1.164;1.8516746411483254;
1.072;1.871244635193133;
1.064;1.6085106382978724;
1.012;1.9227642276422765;
1.192;1.955223880597015;
1.26;1.6719576719576719;
1.2;1.7635467980295567;
1.1;1.7048458149779735;
1.308;1.8135593220338984;
1.204;2.109452736318408;
1.288;1.7032967032967032;
1.308;1.715846994535519;
1.388;1.5843373493975903;
1.332;1.3728813559322033;
1.324;1.5;
1.308;1.632183908045977;
1.244;1.8994708994708995;
1.448;1.598639455782313;
1.428;1.6225165562913908;
1.48;1.4666666666666666;
1.424;1.5364238410596027;
1.224;1.8775510204081634;
1.384;1.5783132530120483;
1.52;1.4413793103448276;
1.624;1.2272727272727273;
1.408;1.696774193548387;
1.572;1.416058394160584;
1.524;1.5140845070422535;
1.688;1.3904761904761904;
1.496;1.5833333333333333;
1.604;1.584070796460177;
1.764;1.3505154639175259;
1.568;1.578512396694215;
1.772;1.6336633663366336;
1.896;1.3814432989690721;
1.8;1.2159090909090908;
1.684;1.3247863247863247;
1.816;1.2788461538461537;
1.764;1.2959183673469388;
1.78;1.4479166666666667;
1.848;1.3176470588235294;
2.012;1.3170731707317074;
1.908;1.2839506172839505;
1.88;1.1720430107526882;
1.968;1.3563218390804597;
1.804;1.288659793814433;
1.892;1.3544303797468353;
1.98;1.2023809523809523;
1.896;1.2727272727272727;
2.1;1.2467532467532467;
2.1;1.1948051948051948;
1.952;1.2;
2.16;1.105263157894737;
2.1;1.3478260869565217;
1.928;1.3932584269662922;
2.156;1.161764705882353;
2.216;1.1692307692307693;
2.14;1.2112676056338028;
2.152;1.2272727272727273;
2.28;1.1866666666666668;
2.204;1.1746031746031746;
2.352;1.1;
2.432;1.2439024390243902;
1.972;1.1935483870967742;
2.328;1.0461538461538462;
2.34;1.08;
2.5;1.0;
2.452;1.1785714285714286;
2.284;1.087719298245614;
2.488;1.0571428571428572;
2.48;1.1568627450980393;
2.564;1.0512820512820513;
2.536;1.1842105263157894;
2.484;1.0952380952380953;
2.576;1.2307692307692308;
2.488;1.25;
2.82;1.2121212121212122;
2.48;1.1041666666666667;
2.604;1.1111111111111112;
2.648;1.2727272727272727;
2.632;1.1875;
2.56;1.263157894736842;
2.652;1.0810810810810811;
2.96;1.0714285714285714;
2.624;1.0256410256410255;
2.688;1.0204081632653061;
2.888;1.0357142857142858;
2.668;1.1111111111111112;
2.852;1.0769230769230769;
3.06;1.037037037037037;
2.784;1.0952380952380953;
2.948;1.037037037037037;
2.972;1.0357142857142858;
3.036;1.16;
3.004;1.0689655172413792;
3.032;1.0;
2.936;1.1071428571428572;
2.98;1.0714285714285714;
3.028;1.0476190476190477;
3.028;1.1627906976744187;
3.132;1.2;
3.104;1.1071428571428572;
3.316;1.0;
3.008;1.0833333333333333;
3.264;1.04;
2.972;1.1481481481481481;
3.236;1.0555555555555556;
3.4;1.2;
3.448;1.15;
3.408;1.0588235294117647;
3.296;1.1333333333333333;
3.3;1.1;
3.22;1.0588235294117647;
3.472;1.2142857142857142;
3.284;1.0434782608695652;
3.192;1.1;
3.324;1.0769230769230769;
3.36;1.0;
3.344;1.0714285714285714;
3.2;1.1111111111111112;
3.456;1.1666666666666667;
3.032;1.04;
3.568;1.0;
3.632;1.0;
3.66;1.0;
3.46;1.2;
3.372;1.2272727272727273;
3.66;1.0714285714285714;
3.672;1.0769230769230769;
3.544;1.0;
3.624;1.1764705882352942;
3.748;1.0;
3.824;1.0909090909090908;
3.708;1.0833333333333333;
3.936;1.1111111111111112;
3.756;1.0714285714285714;
3.8;1.0833333333333333;
3.748;1.0909090909090908;
3.768;1.0;
4.108;1.125;
4.004;1.0;
4.012;1.0;
3.876;1.1;
3.804;1.0;
3.916;1.1;
3.996;1.125;
3.868;1.1;
0.004;1.0;
0.024;1.0101419878296145;
0.052;1.022633744855967;
0.072;1.0353430353430353;
0.076;1.0333333333333334;
0.088;1.0419287211740043;
0.128;1.0642398286937902;
0.132;1.0665236051502145;
0.156;1.0804347826086957;
0.212;1.1121076233183858;
0.168;1.087527352297593;
0.228;1.1221719457013575;
0.268;1.1435185185185186;
0.308;1.1729857819905214;
0.292;1.1619718309859155;
0.296;1.1552941176470588;
0.332;1.1923076923076923;
0.328;1.1870503597122302;
0.368;1.2113022113022114;
0.432;1.2608695652173914;
0.436;1.2692307692307692;
0.42;1.2461928934010151;
0.416;1.2455696202531645;
0.456;1.2701298701298702;
0.484;1.2962962962962963;
0.512;1.3126684636118597;
0.564;1.3491620111731844;
0.568;1.3585434173669468;
0.58;1.384180790960452;
0.648;1.4510385756676558;
0.584;1.388101983002833;
0.62;1.4098837209302326;
0.672;1.4290030211480362;
0.648;1.42433234421365;
0.688;1.4725609756097562;
0.624;1.3906705539358601;
0.708;1.478395061728395;
0.72;1.5141065830721003;
0.828;1.5733788395904438;
0.812;1.5503355704697988;
0.768;1.5635179153094463;
0.868;1.7056737588652482;
0.804;1.6006711409395973;
0.976;1.8509803921568628;
0.864;1.6501766784452296;
0.756;1.5225806451612902;
0.896;1.730909090909091;
0.868;1.698581560283688;
0.952;1.748091603053435;
1.004;1.788;
1.052;1.7848101265822784;
1.176;1.8067632850241546;
1.028;1.962809917355372;
1.116;1.751131221719457;
1.032;1.8305785123966942;
1.0;1.684;
1.132;1.8287037037037037;
1.096;1.7268722466960353;
1.176;1.941747572815534;
1.112;1.946188340807175;
1.268;1.631578947368421;
1.104;2.0538116591928253;
1.196;1.6029411764705883;
1.164;1.5896226415094339;
1.204;1.7313432835820894;
1.224;1.7704081632653061;
1.26;1.5957446808510638;
1.464;1.4331210191082802;
1.324;1.7298850574712643;
1.308;1.6348314606741574;
1.328;1.6420454545454546;
1.4;1.7848101265822784;
1.464;1.2738853503184713;
1.516;1.3120567375886525;
1.456;1.5454545454545454;
1.68;1.5663716814159292;
1.552;1.5255474452554745;
1.536;1.4306569343065694;
1.628;1.5039370078740157;
1.664;1.3414634146341464;
1.688;1.3362068965517242;
1.428;2.24;
1.648;1.2030075187969924;
1.656;1.3884297520661157;
1.748;1.3883495145631068;
1.676;1.319672131147541;
1.768;1.2173913043478262;
1.868;1.29;
1.708;1.4054054054054055;
1.888;1.2526315789473683;
1.752;1.2403846153846154;
1.86;1.3578947368421053;
1.664;1.1983471074380165;
1.912;1.2380952380952381;
1.78;1.3535353535353536;
2.048;1.2531645569620253;
1.968;1.2959183673469388;
2.048;1.3108108108108107;
2.032;1.2409638554216869;
2.012;1.2891566265060241;
1.896;1.381578947368421;
2.112;1.3857142857142857;
1.996;1.3294117647058823;
2.044;1.2463768115942029;
2.02;1.3974358974358974;
2.068;1.2894736842105263;
2.0;1.2151898734177216;
2.092;1.2875;
2.172;1.2328767123287672;
2.296;1.1929824561403508;
2.072;1.236842105263158;
2.256;1.2222222222222223;
2.272;1.1666666666666667;
2.196;1.2333333333333334;
2.32;1.271186440677966;
2.296;1.2321428571428572;
2.372;1.1914893617021276;
2.424;1.2982456140350878;
2.508;1.1666666666666667;
2.296;1.1159420289855073;
2.512;1.1176470588235294;
2.448;1.1454545454545455;
2.5;1.1891891891891893;
2.576;1.0888888888888888;
2.532;1.186046511627907;
2.504;1.0789473684210527;
2.532;1.1372549019607843;
2.5;1.0869565217391304;
2.548;1.32;
2.612;1.1428571428571428;
2.716;1.15625;
2.684;1.2424242424242424;
2.668;1.162162162162162;
2.872;1.0857142857142856;
2.6;1.105263157894737;
2.584;1.1219512195121952;
2.732;1.088235294117647;
2.832;1.08;
2.688;1.1282051282051282;
2.728;1.1;
2.9;1.1;
2.732;1.0666666666666667;
2.864;1.0;
2.82;1.1111111111111112;
3.056;1.1111111111111112;
2.896;1.0;
2.92;1.0606060606060606;
2.88;1.0625;
2.932;1.1363636363636365;
2.928;1.08;
2.92;1.088235294117647;
2.956;1.1111111111111112;
2.952;1.04;
3.036;1.0454545454545454;
3.096;1.1;
3.232;1.105263157894737;
2.896;1.1025641025641026;
2.988;1.15;
3.248;1.0;
3.156;1.0555555555555556;
3.184;1.2173913043478262;
3.276;1.0909090909090908;
3.156;1.0384615384615385;
3.244;1.0416666666666667;
3.372;1.2777777777777777;
3.32;1.0588235294117647;
3.304;1.0476190476190477;
3.368;1.105263157894737;
3.248;1.0;
3.332;1.05;
3.352;1.1333333333333333;
3.38;1.05;
3.304;1.0;
3.372;1.1176470588235294;
3.612;1.0;
3.512;1.0;
3.444;1.0555555555555556;
3.512;1.0;
3.444;1.0555555555555556;
3.636;1.0;
3.756;1.0;
3.54;1.0;
3.496;1.05;
3.972;1.0;
3.656;1.0588235294117647;
3.872;1.1428571428571428;
3.96;1.3333333333333333;
3.724;1.0;
3.768;1.1111111111111112;
3.696;1.1666666666666667;
3.876;1.0;
3.68;1.0526315789473684;
3.568;1.0714285714285714;
3.864;1.0;
4.068;1.0;
3.872;1.0;
3.832;1.0;
4.032;1.0;
4.028;1.0;
3.912;1.0;
0.004;1.0;
0.012;1.0040322580645162;
0.044;1.0184426229508197;
0.072;1.0332640332640333;
0.092;1.0441176470588236;
0.088;1.0440251572327044;
0.116;1.0574468085106383;
0.16;1.0827886710239651;
0.192;1.0975609756097562;
0.232;1.1201814058956916;
0.208;1.109619686800895;
0.2;1.1024498886414253;
0.256;1.1379310344827587;
0.3;1.169811320754717;
0.304;1.1702127659574468;
0.304;1.16548463356974;
0.368;1.2113022113022114;
0.296;1.1576470588235295;
0.376;1.219753086419753;
0.4;1.2355889724310778;
0.424;1.2493638676844783;
0.456;1.283116883116883;
0.404;1.2336683417085428;
0.492;1.3138297872340425;
0.492;1.3138297872340425;
0.508;1.3091397849462365;
0.592;1.378917378917379;
0.52;1.3306233062330624;
0.596;1.4;
0.64;1.3893805309734513;
0.66;1.4401197604790419;
0.636;1.4294117647058824;
0.692;1.4846625766871167;
0.664;1.4444444444444444;
0.62;1.4127906976744187;
0.668;1.463855421686747;
0.784;1.5742574257425743;
0.812;1.5671140939597314;
0.808;1.6296296296296295;
0.8;1.5785953177257526;
0.876;1.425;
0.824;1.6313993174061434;
0.892;1.684782608695652;
0.832;1.6666666666666667;
0.864;1.693661971830986;
0.928;1.4981273408239701;
0.872;1.646643109540636;
1.028;1.9297520661157024;
0.988;1.6825396825396826;
0.936;1.550561797752809;
0.964;1.725868725868726;
1.04;1.799163179916318;
1.036;1.7800829875518671;
1.144;1.360730593607306;
1.12;2.022727272727273;
1.02;1.848360655737705;
1.112;2.02262443438914;
1.184;1.6956521739130435;
1.208;1.64;
1.188;2.2019704433497536;
1.224;1.5404040404040404;
1.26;1.5851063829787233;
1.208;1.7339901477832513;
1.148;1.6121495327102804;
1.348;1.432748538011696;
1.132;1.7568807339449541;
1.436;1.5723684210526316;
1.316;1.348314606741573;
1.232;1.67;
1.396;1.6790123456790123;
1.316;1.5195530726256983;
1.392;1.3496932515337423;
1.416;1.4903225806451612;
1.432;1.777027027027027;
1.456;1.3472222222222223;
1.372;1.4873417721518987;
1.56;1.4761904761904763;
1.396;1.5949367088607596;
1.62;1.4661016949152543;
1.636;1.3064516129032258;
1.644;1.2755905511811023;
1.688;1.3934426229508197;
1.824;1.37;
1.564;1.3533834586466165;
1.652;1.3053435114503817;
1.608;1.3388429752066116;
1.716;1.2436974789915967;
1.528;1.488888888888889;
1.844;1.5;
1.796;1.1965811965811965;
1.696;1.4594594594594594;
1.96;1.3617021276595744;
1.696;1.2894736842105263;
1.996;1.2;
1.948;1.2613636363636365;
1.976;1.3488372093023255;
1.948;1.2413793103448276;
1.848;1.3265306122448979;
1.94;1.2962962962962963;
1.932;1.411764705882353;
2.016;1.3783783783783783;
1.948;1.119047619047619;
1.976;1.2469135802469136;
2.088;1.1066666666666667;
1.992;1.3291139240506329;
2.116;1.1470588235294117;
2.024;1.2553191489361701;
2.104;1.1538461538461537;
2.188;1.1724137931034482;
2.224;1.2;
2.24;1.1343283582089552;
2.244;1.1470588235294117;
2.264;1.1730769230769231;
2.22;1.2280701754385965;
2.192;1.3773584905660377;
2.412;1.1372549019607843;
2.2;1.15625;
2.176;1.305084745762712;
2.324;1.1886792452830188;
2.388;1.1041666666666667;
2.424;1.2127659574468086;
2.312;1.290909090909091;
2.488;1.169811320754717;
2.404;1.0754716981132075;
2.332;1.1639344262295082;
2.504;1.1904761904761905;
2.444;1.1555555555555554;
2.472;1.1176470588235294;
2.604;1.0789473684210527;
2.396;1.1896551724137931;
2.668;1.0;
2.616;1.0285714285714285;
2.832;1.025;
2.752;1.09375;
2.512;1.2;
2.788;1.0930232558139534;
2.588;1.1842105263157894;
2.788;1.1818181818181819;
2.8;1.1071428571428572;
2.756;1.1578947368421053;
2.736;1.0;
2.94;1.0;
2.812;1.15;
2.86;1.0;
2.832;1.1538461538461537;
2.9;1.1081081081081081;
2.948;1.0384615384615385;
2.936;1.0869565217391304;
2.768;1.0;
2.964;1.064516129032258;
2.86;1.0909090909090908;
2.888;1.0689655172413792;
2.936;1.0;
2.956;1.0;
3.036;1.1071428571428572;
3.04;1.103448275862069;
2.96;1.2592592592592593;
3.12;1.1;
3.252;1.0526315789473684;
3.112;1.0769230769230769;
3.144;1.1666666666666667;
3.348;1.173913043478261;
3.368;1.0;
3.3;1.0454545454545454;
3.372;1.125;
3.208;1.0;
3.364;1.0416666666666667;
3.332;1.0555555555555556;
3.36;1.0588235294117647;
3.264;1.1071428571428572;
3.36;1.05;
3.536;1.0833333333333333;
3.544;1.0714285714285714;
3.444;1.0;
3.676;1.0;
3.548;1.1818181818181819;
3.52;1.2105263157894737;
3.56;1.0;
3.584;1.1111111111111112;
3.6;1.1666666666666667;
3.592;1.0454545454545454;
3.764;1.0;
3.58;1.0;
3.576;1.25;
3.532;1.0;
3.756;1.0555555555555556;
3.76;1.0;
3.596;1.0;
3.94;1.0;
3.54;1.0;
3.86;1.0909090909090908;
3.912;1.0625;
3.928;1.0;
3.904;1.0;
3.912;1.0;
4.052;1.1;
4.056;1.0;
3.764;1.0;
3.96;1.0909090909090908;
4.004;1.0;
0.008;1.0020120724346075;
0.024;1.0101419878296145;
0.04;1.01840490797546;
0.08;1.0354906054279749;
0.064;1.031055900621118;
0.084;1.0397489539748954;
0.088;1.0440251572327044;
0.164;1.0851528384279476;
0.188;1.095132743362832;
0.172;1.0855263157894737;
0.228;1.1199095022624435;
0.148;1.0735930735930737;
0.272;1.148491879350348;
0.24;1.1298405466970387;
0.272;1.1461716937354989;
0.296;1.16;
0.352;1.2019464720194648;
0.42;1.248730964467005;
0.324;1.1818181818181819;
0.44;1.262210796915167;
0.396;1.2375;
0.448;1.276485788113695;
0.36;1.19559902200489;
0.44;1.2647814910025708;
0.46;1.28125;
0.564;1.3407821229050279;
0.46;1.2786458333333333;
0.56;1.3342618384401115;
0.608;1.4178674351585014;
0.704;1.4829721362229102;
0.572;1.3370786516853932;
0.644;1.4585798816568047;
0.636;1.4411764705882353;
0.656;1.4567164179104477;
0.772;1.5537459283387622;
0.752;1.540192926045016;
0.74;1.5382165605095541;
0.652;1.4642857142857142;
0.76;1.5695792880258899;
0.792;1.5681063122923589;
0.812;1.5945945945945945;
0.804;1.6140939597315436;
0.72;1.5015673981191222;
0.892;1.6304347826086956;
0.992;1.7936507936507937;
0.772;1.5928338762214984;
0.916;1.7316176470588236;
0.956;1.751908396946565;
0.976;1.7411764705882353;
1.024;1.8888888888888888;
0.96;1.776061776061776;
0.952;1.7049808429118773;
1.052;1.9707112970711298;
1.152;1.6484018264840183;
1.056;1.7574468085106383;
1.156;1.9190476190476191;
1.092;1.755458515283843;
1.076;1.9652173913043478;
1.184;1.9903381642512077;
1.14;1.9953271028037383;
1.144;1.8935185185185186;
1.284;1.4438502673796791;
1.16;2.1523809523809523;
1.168;1.6095238095238096;
1.296;1.3463687150837989;
1.224;1.8564102564102565;
1.196;1.7810945273631842;
1.28;1.5891891891891892;
1.432;1.45;
1.264;1.5698924731182795;
1.512;1.3722627737226278;
1.396;1.528301886792453;
1.596;1.4140625;
1.408;1.537037037037037;
1.288;1.6906077348066297;
1.272;1.7405405405405405;
1.496;1.4736842105263157;
1.492;1.410071942446043;
1.628;1.3793103448275863;
1.516;1.2642857142857142;
1.64;1.3076923076923077;
1.628;1.532258064516129;
1.58;1.4883720930232558;
1.744;1.2427184466019416;
1.48;1.5555555555555556;
1.72;1.3303571428571428;
1.552;1.4166666666666667;
1.7;1.5446428571428572;
1.708;1.2363636363636363;
1.82;1.23;
1.812;1.41;
1.856;1.4042553191489362;
1.752;1.290909090909091;
1.864;1.3804347826086956;
1.808;1.2653061224489797;
1.892;1.5125;
1.936;1.4383561643835616;
1.904;1.4880952380952381;
1.848;1.3225806451612903;
1.944;1.1382978723404256;
2.068;1.1944444444444444;
2.0;1.2531645569620253;
1.948;1.4337349397590362;
2.0;1.4743589743589745;
2.092;1.1948051948051948;
2.204;1.131578947368421;
2.272;1.1451612903225807;
2.216;1.123076923076923;
2.108;1.1506849315068493;
2.18;1.1830985915492958;
2.06;1.2933333333333332;
2.116;1.1506849315068493;
2.336;1.196078431372549;
2.216;1.161764705882353;
2.372;1.1521739130434783;
2.328;1.1929824561403508;
2.324;1.1428571428571428;
2.444;1.2244897959183674;
2.208;1.11864406779661;
2.396;1.2195121951219512;
2.456;1.1395348837209303;
2.328;1.1896551724137931;
2.288;1.1481481481481481;
2.504;1.1372549019607843;
2.648;1.135135135135135;
2.512;1.2745098039215685;
2.444;1.1153846153846154;
2.508;1.1904761904761905;
2.548;1.225;
2.52;1.0851063829787233;
2.668;1.1;
2.576;1.1777777777777778;
2.596;1.1282051282051282;
2.832;1.1142857142857143;
2.716;1.131578947368421;
2.556;1.0476190476190477;
2.72;1.162162162162162;
2.824;1.121212121212121;
2.924;1.0333333333333334;
2.716;1.0731707317073171;
2.892;1.0357142857142858;
2.688;1.125;
3.012;1.173913043478261;
2.78;1.0357142857142858;
3.168;1.1904761904761905;
2.948;1.15;
2.948;1.2;
3.18;1.2173913043478262;
3.104;1.08;
2.996;1.0;
2.976;1.0833333333333333;
3.036;1.2258064516129032;
2.936;1.121212121212121;
3.056;1.0;
3.284;1.0588235294117647;
2.836;1.1515151515151516;
3.156;1.0434782608695652;
3.136;1.0869565217391304;
3.128;1.0;
3.304;1.0434782608695652;
3.256;1.0;
3.14;1.09375;
3.348;1.1363636363636365;
3.34;1.1818181818181819;
3.316;1.0;
3.256;1.1578947368421053;
3.288;1.0;
3.22;1.1481481481481481;
3.316;1.0;
3.396;1.25;
3.38;1.1333333333333333;
3.54;1.0;
3.312;1.0;
3.816;1.0555555555555556;
3.524;1.0;
3.56;1.0;
3.648;1.0;
3.672;1.0;
3.444;1.0;
3.528;1.0;
3.652;1.0;
3.52;1.0833333333333333;
3.788;1.0833333333333333;
3.768;1.0769230769230769;
3.876;1.0;
3.74;1.0909090909090908;
3.852;1.1;
3.44;1.1176470588235294;
3.56;1.0;
3.772;1.0;
3.776;1.2727272727272727;
3.764;1.0833333333333333;
3.86;1.0;
3.864;1.0;
3.808;1.0;
3.76;1.0;
3.848;1.0;
4.056;1.0;
3.876;1.1111111111111112;
4.0;1.0;
0.008;1.0020120724346075;
0.02;1.008097165991903;
0.028;1.0121951219512195;
0.06;1.0289256198347108;
0.124;1.061965811965812;
0.148;1.0735930735930737;
0.128;1.0620985010706638;
0.128;1.0642398286937902;
0.184;1.0971302428256071;
0.172;1.0855263157894737;
0.176;1.09010989010989;
0.232;1.1179138321995465;
0.256;1.1379310344827587;
0.292;1.1619718309859155;
0.316;1.1785714285714286;
0.228;1.1221719457013575;
0.348;1.1912832929782082;
0.348;1.203883495145631;
0.36;1.2048780487804878;
0.348;1.1990291262135921;
0.384;1.218362282878412;
0.38;1.2128712871287128;
0.408;1.2418136020151134;
0.468;1.287958115183246;
0.496;1.3066666666666666;
0.604;1.4051724137931034;
0.48;1.2928759894459103;
0.576;1.371830985915493;
0.552;1.3490304709141274;
0.512;1.2938005390835579;
0.632;1.436950146627566;
0.576;1.3774647887323943;
0.62;1.4215116279069768;
0.66;1.4580838323353293;
0.732;1.526813880126183;
0.732;1.5158227848101267;
0.732;1.4873417721518987;
0.784;1.5973597359735974;
0.876;1.7;
0.808;1.6195286195286196;
0.8;1.6166666666666667;
0.828;1.5993150684931507;
0.836;1.6379310344827587;
0.864;1.7077464788732395;
0.928;1.7415730337078652;
0.972;1.8715953307392996;
0.96;1.5868725868725868;
0.932;1.6729323308270676;
0.888;1.7194244604316546;
0.928;1.7340823970037453;
0.964;1.61003861003861;
1.104;1.7644444444444445;
1.152;2.009433962264151;
0.948;1.6768060836501901;
1.032;1.5245901639344261;
1.056;1.6016949152542372;
1.184;1.6926829268292682;
1.196;1.7745098039215685;
1.148;1.5321100917431192;
1.132;1.8981481481481481;
1.2;1.7586206896551724;
1.192;1.7864077669902914;
1.332;1.6091954022988506;
1.272;1.8516483516483517;
1.28;1.5376344086021505;
1.248;2.2606382978723403;
1.336;1.6104651162790697;
1.324;1.541899441340782;
1.356;1.6167664670658684;
1.296;2.094972067039106;
1.432;1.3096774193548386;
1.344;1.7633136094674555;
1.492;1.4;
1.5;1.2733333333333334;
1.468;1.5683453237410072;
1.38;1.73125;
1.34;1.4098360655737705;
1.664;1.3418803418803418;
1.528;1.4444444444444444;
1.604;1.4883720930232558;
1.68;1.490909090909091;
1.724;1.3;
1.588;1.5819672131147542;
1.936;1.2469135802469136;
1.82;1.4623655913978495;
1.82;1.36;
1.788;1.3831775700934579;
1.668;1.3185840707964602;
1.68;1.5609756097560976;
1.704;1.3445378151260505;
1.836;1.3434343434343434;
1.936;1.3146067415730338;
1.824;1.3365384615384615;
1.816;1.349056603773585;
1.916;1.305263157894737;
1.928;1.2962962962962963;
2.048;1.2666666666666666;
1.94;1.3333333333333333;
1.872;1.4597701149425288;
2.12;1.1842105263157894;
2.036;1.2714285714285714;
1.956;1.382716049382716;
2.104;1.2714285714285714;
2.004;1.205128205128205;
1.972;1.2560975609756098;
2.068;1.2333333333333334;
2.112;1.1408450704225352;
2.036;1.28;
2.12;1.1388888888888888;
2.116;1.0975609756097562;
2.436;1.411764705882353;
2.1;1.139240506329114;
2.06;1.24;
2.296;1.1724137931034482;
2.356;1.1147540983606556;
2.384;1.2075471698113207;
2.308;1.1481481481481481;
2.56;1.075;
2.328;1.169811320754717;
2.456;1.1111111111111112;
2.268;1.2;
2.68;1.0;
2.444;1.1785714285714286;
2.584;1.2285714285714286;
2.392;1.2941176470588236;
2.372;1.2040816326530612;
2.484;1.2619047619047619;
2.364;1.353846153846154;
2.808;1.0930232558139534;
2.532;1.0769230769230769;
2.624;1.3333333333333333;
2.352;1.1636363636363636;
2.82;1.088235294117647;
2.788;1.1666666666666667;
2.652;1.1388888888888888;
2.436;1.1304347826086956;
2.692;1.2553191489361701;
2.756;1.0810810810810811;
2.996;1.0869565217391304;
2.772;1.1;
2.528;1.108695652173913;
2.74;1.205128205128205;
2.844;1.0384615384615385;
2.848;1.1935483870967742;
2.792;1.0263157894736843;
3.048;1.1333333333333333;
2.712;1.09375;
3.036;1.064516129032258;
3.048;1.2222222222222223;
2.86;1.1904761904761905;
2.828;1.03125;
2.972;1.0714285714285714;
2.852;1.2173913043478262;
3.172;1.08;
2.888;1.2424242424242424;
2.968;1.2121212121212122;
3.028;1.1724137931034482;
2.952;1.0689655172413792;
3.14;1.1764705882352942;
3.088;1.04;
3.02;1.0;
3.336;1.0588235294117647;
3.22;1.105263157894737;
3.176;1.0;
3.292;1.1111111111111112;
3.344;1.0476190476190477;
3.376;1.0454545454545454;
3.388;1.0588235294117647;
3.296;1.1363636363636365;
3.504;1.0;
3.244;1.1111111111111112;
3.448;1.0625;
3.224;1.0;
3.472;1.0;
3.544;1.0;
3.356;1.0714285714285714;
3.496;1.1;
3.488;1.0714285714285714;
3.44;1.0;
3.396;1.1111111111111112;
3.552;1.0;
3.72;1.0;
3.568;1.0;
3.812;1.0;
3.708;1.0;
3.328;1.0625;
3.708;1.0;
3.808;1.1111111111111112;
3.792;1.0;
3.768;1.125;
3.672;1.1176470588235294;
3.832;1.0;
3.768;1.0;
3.656;1.1;
3.86;1.0;
4.032;1.1428571428571428;
3.788;1.0;
4.02;1.3333333333333333;
4.016;1.0;
4.124;1.0;
0.008;1.0020120724346075;
0.012;1.0040322580645162;
0.04;1.01840490797546;
0.08;1.0375782881002087;
0.052;1.022633744855967;
0.096;1.0442105263157895;
0.092;1.0420168067226891;
0.148;1.0735930735930737;
0.148;1.0757575757575757;
0.148;1.0757575757575757;
0.204;1.1071428571428572;
0.24;1.1252847380410023;
0.228;1.1221719457013575;
0.236;1.125;
0.308;1.1706161137440758;
0.352;1.2043795620437956;
0.36;1.2078239608801955;
0.26;1.140552995391705;
0.416;1.250632911392405;
0.372;1.2167487684729064;
0.408;1.2392947103274559;
0.38;1.2202970297029703;
0.4;1.2380952380952381;
0.424;1.2366412213740459;
0.504;1.3109919571045576;
0.404;1.2386934673366834;
0.556;1.3388888888888888;
0.588;1.3824362606232294;
0.552;1.3601108033240996;
0.568;1.361344537815126;
0.508;1.3064516129032258;
0.612;1.4104046242774566;
0.692;1.4984709480122325;
0.64;1.4365781710914454;
0.64;1.4365781710914454;
0.664;1.4474474474474475;
0.684;1.4878048780487805;
0.744;1.5463258785942493;
0.696;1.5;
0.848;1.5749128919860627;
0.784;1.5577557755775577;
0.876;1.725;
0.76;1.5598705501618122;
0.924;1.757462686567164;
0.0;1.0;
0.028;1.0101626016260163;
0.044;1.0204918032786885;
0.056;1.024742268041237;
0.128;1.0642398286937902;
0.076;1.03125;
0.14;1.0711206896551724;
0.12;1.0533049040511726;
0.168;1.0853391684901532;
0.144;1.0734341252699784;
0.224;1.1196388261851016;
0.28;1.1468531468531469;
0.252;1.135321100917431;
0.312;1.178147268408551;
0.296;1.1623529411764706;
0.348;1.1966019417475728;
0.36;1.2078239608801955;
0.368;1.2088452088452089;
0.412;1.2424242424242424;
0.364;1.213235294117647;
0.416;1.2455696202531645;
0.356;1.2073170731707317;
0.44;1.2647814910025708;
0.516;1.3297297297297297;
0.44;1.2416452442159382;
0.512;1.326145552560647;
0.444;1.2628865979381443;
0.46;1.2864583333333333;
0.548;1.356353591160221;
0.616;1.4144927536231884;
0.564;1.3770949720670391;
0.588;1.3863636363636365;
0.552;1.3518005540166205;
0.692;1.4662576687116564;
0.692;1.4110429447852761;
0.62;1.4186046511627908;
0.696;1.4754601226993864;
0.728;1.4794952681388012;
0.8;1.6153846153846154;
0.876;1.7142857142857142;
0.744;1.476038338658147;
0.72;1.5329153605015673;
0.86;1.658450704225352;
0.9;1.673913043478261;
0.988;1.7222222222222223;
0.884;1.7302158273381294;
0.836;1.5841924398625429;
0.924;1.687732342007435;
0.944;1.6806083650190113;
0.908;1.7169117647058822;
1.036;1.937759336099585;
1.02;1.8571428571428572;
1.068;1.735042735042735;
1.024;1.7764227642276422;
1.096;1.8711111111111112;
1.184;1.9271844660194175;
1.232;1.646153846153846;
1.18;1.775609756097561;
1.14;1.716279069767442;
1.18;2.0048076923076925;
1.164;1.7122641509433962;
1.236;1.8;
1.212;1.6733668341708543;
1.256;1.743455497382199;
1.368;1.509090909090909;
1.216;1.913265306122449;
1.296;1.6722222222222223;
1.336;1.691860465116279;
1.484;1.34640522875817;
1.42;1.4528301886792452;
1.452;1.5;
1.368;1.653179190751445;
1.444;1.4645161290322581;
1.552;1.3582089552238805;
1.516;1.2785714285714285;
1.5;1.3466666666666667;
1.52;1.6319444444444444;
1.476;1.4932432432432432;
1.524;1.3943661971830985;
1.464;1.5163398692810457;
1.584;1.4960629921259843;
1.684;1.2456140350877194;
1.624;1.3410852713178294;
1.66;1.376068376068376;
1.536;1.3732394366197183;
1.68;1.3135593220338984;
1.616;1.2769230769230768;
1.78;1.2285714285714286;
1.828;1.297872340425532;
1.916;1.2745098039215685;
1.804;1.4653465346534653;
1.864;1.368421052631579;
1.86;1.2087912087912087;
1.844;1.4489795918367347;
1.888;1.1566265060240963;
2.024;1.2077922077922079;
2.028;1.2098765432098766;
1.848;1.205607476635514;
1.824;1.2448979591836735;
2.036;1.2608695652173914;
1.924;1.3164556962025316;
2.016;1.4225352112676057;
2.044;1.3246753246753247;
2.192;1.2;
2.148;1.1666666666666667;
2.108;1.1111111111111112;
2.18;1.2131147540983607;
2.148;1.1898734177215189;
2.232;1.2388059701492538;
2.18;1.3013698630136987;
2.212;1.2166666666666666;
2.304;1.2295081967213115;
2.188;1.1935483870967742;
2.3;1.320754716981132;
2.528;1.1842105263157894;
2.312;1.2459016393442623;
2.392;1.1428571428571428;
2.324;1.087719298245614;
2.392;1.1875;
2.492;1.0909090909090908;
2.376;1.1967213114754098;
2.4;1.3392857142857142;
2.576;1.1282051282051282;
2.448;1.108695652173913;
2.38;1.1206896551724137;
2.448;1.135135135135135;
2.516;1.1304347826086956;
2.556;1.146341463414634;
2.416;1.1111111111111112;
2.676;1.1333333333333333;
2.504;1.0975609756097562;
2.608;1.1219512195121952;
2.644;1.0975609756097562;
2.744;1.0588235294117647;
2.688;1.1764705882352942;
2.604;1.0294117647058822;
2.696;1.0256410256410255;
2.624;1.1777777777777778;
2.716;1.1111111111111112;
2.792;1.206896551724138;
2.928;1.12;
2.828;1.0571428571428572;
2.78;1.0;
2.716;1.1290322580645162;
2.876;1.0625;
2.952;1.088235294117647;
2.88;1.0769230769230769;
3.08;1.0454545454545454;
2.884;1.1219512195121952;
3.04;1.1071428571428572;
3.02;1.125;
2.964;1.0;
2.888;1.04;
2.828;1.2058823529411764;
3.068;1.0526315789473684;
3.036;1.0476190476190477;
3.032;1.1;
3.1;1.0;
3.208;1.0;
3.3;1.0;
3.156;1.0833333333333333;
3.264;1.105263157894737;
3.064;1.1111111111111112;
3.036;1.1923076923076923;
3.216;1.0;
3.544;1.0;
3.328;1.0;
3.364;1.0;
3.204;1.0869565217391304;
3.5;1.0;
3.208;1.0;
3.628;1.0769230769230769;
3.368;1.1578947368421053;
3.42;1.25;
3.412;1.0666666666666667;
3.376;1.05;
3.404;1.0555555555555556;
3.636;1.0588235294117647;
3.368;1.0869565217391304;
3.564;1.0476190476190477;
3.744;1.0714285714285714;
3.584;1.0666666666666667;
3.492;1.1333333333333333;
3.676;1.0;
3.728;1.0;
3.7;1.0588235294117647;
3.436;1.0476190476190477;
3.732;1.0666666666666667;
3.82;1.0;
3.7;1.0;
3.68;1.0;
3.836;1.125;
3.832;1.125;
3.796;1.0;
3.844;1.0;
3.828;1.0;
4.052;1.0;
3.856;1.0;
3.876;1.0;
3.98;1.0909090909090908;
0.004;1.0;
0.004;1.0;
0.044;1.0204918032786885;
0.048;1.0225872689938398;
0.076;1.0354166666666667;
0.072;1.0332640332640333;
0.16;1.0827886710239651;
0.176;1.0879120879120878;
0.168;1.0853391684901532;
0.22;1.114864864864865;
0.196;1.1022222222222222;
0.16;1.0827886710239651;
0.296;1.1670588235294117;
0.252;1.135321100917431;
0.284;1.158878504672897;
0.356;1.1897810218978102;
0.36;1.2053789731051345;
0.396;1.2375;
0.4;1.2406015037593985;
0.364;1.2083333333333333;
0.44;1.249357326478149;
0.44;1.262210796915167;
0.38;1.2252475247524752;
0.592;1.398860398860399;
0.488;1.3103448275862069;
0.532;1.3087431693989071;
0.5;1.3155080213903743;
0.64;1.4424778761061947;
0.56;1.3621169916434541;
0.552;1.3545706371191135;
0.56;1.3649025069637883;
0.652;1.4553571428571428;
0.6;1.3982808022922637;
0.664;1.4564564564564564;
0.708;1.4829721362229102;
0.744;1.488817891373802;
0.788;1.6072607260726073;
0.768;1.5928338762214984;
0.692;1.4846625766871167;
0.792;1.5412541254125414;
0.764;1.5242718446601942;
0.756;1.5516129032258064;
0.792;1.6079734219269104;
0.96;1.7692307692307692;
0.968;1.8754863813229572;
0.972;1.6484375;
1.004;1.8634538152610443;
0.908;1.5955882352941178;
1.008;1.6935483870967742;
0.964;1.8192307692307692;
0.984;1.8774703557312253;
1.008;1.6518218623481782;
1.14;1.7429906542056075;
1.064;1.8717948717948718;
1.092;2.0308370044052864;
1.064;1.6638297872340426;
1.2;1.8507462686567164;
1.092;1.9515418502202644;
1.196;1.4656862745098038;
1.184;2.123152709359606;
1.268;2.210810810810811;
1.356;1.4251497005988023;
1.244;1.7164948453608246;
1.248;1.513089005235602;
1.328;1.3255813953488371;
1.328;1.7758620689655173;
1.408;1.5741935483870968;
1.428;1.82;
1.428;1.6025641025641026;
1.332;1.567251461988304;
1.516;1.6119402985074627;
1.384;1.5714285714285714;
1.46;1.5273972602739727;
1.556;1.3;
1.58;1.36;
1.504;1.4701986754966887;
1.412;1.7483870967741935;
1.532;1.4172661870503598;
1.496;1.4926470588235294;
1.476;1.4026845637583893;
1.528;1.3857142857142857;
1.712;1.3898305084745763;
1.628;1.5299145299145298;
1.568;1.3984962406015038;
1.6;1.5083333333333333;
1.696;1.3482142857142858;
1.72;1.2545454545454546;
1.664;1.3304347826086957;
1.716;1.3873873873873874;
1.752;1.345132743362832;
1.924;1.3373493975903614;
1.828;1.2395833333333333;
2.008;1.0547945205479452;
1.904;1.3625;
1.88;1.3297872340425532;
1.864;1.17;
1.768;1.2410714285714286;
1.964;1.3037974683544304;
2.052;1.2666666666666666;
2.004;1.2409638554216869;
1.996;1.3414634146341464;
2.068;1.2142857142857142;
2.136;1.1875;
2.248;1.2753623188405796;
1.992;1.394736842105263;
2.224;1.152542372881356;
2.12;1.3333333333333333;
2.248;1.1166666666666667;
2.216;1.0806451612903225;
2.224;1.1875;
2.168;1.1694915254237288;
2.264;1.25;
2.304;1.0535714285714286;
2.26;1.173913043478261;
2.312;1.1964285714285714;
2.204;1.0806451612903225;
2.328;1.3269230769230769;
2.38;1.1627906976744187;
2.216;1.144927536231884;
2.252;1.2222222222222223;
2.348;1.1923076923076923;
2.568;1.1428571428571428;
2.504;1.0416666666666667;
2.56;1.1;
2.5;1.0869565217391304;
2.576;1.1219512195121952;
2.576;1.0975609756097562;
2.604;1.1304347826086956;
2.56;1.1875;
2.54;1.2173913043478262;
2.68;1.0285714285714285;
2.676;1.0526315789473684;
2.58;1.1842105263157894;
2.676;1.1702127659574468;
2.768;1.03125;
2.7;1.105263157894737;
2.728;1.1290322580645162;
2.764;1.1818181818181819;
2.672;1.1891891891891893;
2.696;1.1081081081081081;
2.676;1.2619047619047619;
2.8;1.135135135135135;
2.908;1.2222222222222223;
2.904;1.1481481481481481;
2.784;1.1428571428571428;
2.848;1.08;
2.94;1.0810810810810811;
2.936;1.1714285714285715;
2.932;1.0;
2.912;1.088235294117647;
2.84;1.1612903225806452;
3.024;1.1071428571428572;
2.916;1.096774193548387;
3.08;1.0303030303030303;
3.024;1.0869565217391304;
3.04;1.1538461538461537;
3.14;1.125;
3.16;1.2272727272727273;
3.152;1.0476190476190477;
3.08;1.24;
3.028;1.0434782608695652;
3.136;1.1904761904761905;
3.192;1.0869565217391304;
3.168;1.1818181818181819;
3.216;1.0;
3.276;1.0555555555555556;
3.448;1.0526315789473684;
3.252;1.0;
3.28;1.105263157894737;
3.56;1.0;
3.572;1.0;
3.424;1.0666666666666667;
3.52;1.1;
3.688;1.0;
3.44;1.0;
3.5;1.0;
3.44;1.0;
3.68;1.1538461538461537;
3.668;1.0;
3.608;1.0625;
3.656;1.0;
3.504;1.0476190476190477;
3.604;1.0714285714285714;
3.476;1.125;
3.62;1.0;
3.908;1.2;
3.912;1.0;
3.688;1.0;
3.756;1.0588235294117647;
3.708;1.0;
3.892;1.0;
3.816;1.0;
3.812;1.0;
3.892;1.0;
3.828;1.0;
3.908;1.0;
3.936;1.0;
3.708;1.1666666666666667;
3.896;1.0;
3.916;1.0;
0.0;1.0;
0.032;1.0142566191446027;
0.04;1.01840490797546;
0.052;1.022633744855967;
0.096;1.0463157894736843;
0.132;1.0643776824034334;
0.112;1.0552016985138004;
0.156;1.0782608695652174;
0.156;1.0804347826086957;
0.176;1.09010989010989;
0.168;1.087527352297593;
0.248;1.1350114416475972;
0.276;1.1511627906976745;
0.292;1.1619718309859155;
0.32;1.1813842482100239;
0.352;1.2068126520681266;
0.34;1.1884057971014492;
0.344;1.1961259079903148;
0.408;1.2468513853904282;
0.404;1.2386934673366834;
0.392;1.229426433915212;
0.5;1.3101604278074865;
0.464;1.287206266318538;
0.436;1.2615384615384615;
0.52;1.3279132791327912;
0.552;1.3573407202216066;
0.56;1.3676880222841226;
0.56;1.3704735376044568;
0.516;1.3324324324324324;
0.552;1.3434903047091413;
0.684;1.4878048780487805;
0.552;1.3573407202216066;
0.592;1.3948863636363635;
0.696;1.4276923076923076;
0.636;1.438235294117647;
0.74;1.5382165605095541;
0.78;1.5592105263157894;
0.736;1.5063291139240507;
0.72;1.5297805642633229;
0.756;1.562700964630225;
0.788;1.5596026490066226;
0.792;1.5913621262458473;
0.904;1.5787545787545787;
0.864;1.7137809187279152;
0.908;1.7610294117647058;
0.904;1.673992673992674;
0.952;1.8098859315589353;
0.984;1.81496062992126;
1.14;2.116279069767442;
1.016;1.8448979591836734;
0.96;1.806949806949807;
1.056;1.7245762711864407;
0.976;1.6509803921568627;
0.956;1.632183908045977;
1.088;1.9210526315789473;
1.18;1.6153846153846154;
1.048;1.7890295358649788;
1.204;1.603960396039604;
1.168;1.4744186046511627;
1.264;1.935483870967742;
1.168;1.4312796208530805;
1.06;1.6075949367088607;
1.26;1.4491978609625669;
1.34;1.3662790697674418;
1.34;1.6162790697674418;
1.212;2.248730964467005;
1.344;1.6588235294117648;
1.384;1.5063291139240507;
1.42;1.471698113207547;
1.328;1.5337078651685394;
1.42;1.4836601307189543;
1.492;1.356164383561644;
1.3;1.481283422459893;
1.56;1.353846153846154;
1.572;1.4375;
1.524;1.4;
1.656;1.495798319327731;
1.468;1.3310810810810811;
1.528;1.3071428571428572;
1.568;1.3333333333333333;
1.676;1.2153846153846153;
1.652;1.452991452991453;
1.644;1.5701754385964912;
1.716;1.2436974789915967;
1.764;1.2577319587628866;
1.716;1.2589285714285714;
1.832;1.263157894736842;
1.672;1.3;
1.756;1.4672897196261683;
1.788;1.3592233009708738;
1.82;1.4444444444444444;
1.876;1.1647058823529413;
1.86;1.1894736842105262;
1.94;1.3076923076923077;
1.804;1.2234042553191489;
2.152;1.328358208955224;
1.996;1.1975308641975309;
1.996;1.313953488372093;
1.904;1.3522727272727273;
2.028;1.2195121951219512;
2.084;1.2328767123287672;
2.148;1.2380952380952381;
2.008;1.2967032967032968;
1.98;1.2317073170731707;
2.224;1.15625;
2.08;1.472972972972973;
2.22;1.3220338983050848;
2.128;1.2272727272727273;
2.164;1.1666666666666667;
2.232;1.359375;
2.176;1.15;
2.16;1.2461538461538462;
2.22;1.2096774193548387;
2.352;1.0784313725490196;
2.172;1.2580645161290323;
2.2;1.1875;
2.212;1.144927536231884;
2.396;1.2083333333333333;
2.344;1.3111111111111111;
2.432;1.08;
2.304;1.1296296296296295;
2.312;1.1785714285714286;
2.46;1.0816326530612246;
2.392;1.183673469387755;
2.404;1.0377358490566038;
2.416;1.0363636363636364;
2.496;1.2765957446808511;
2.292;1.1470588235294117;
2.328;1.0655737704918034;
2.58;1.1666666666666667;
2.46;1.2790697674418605;
2.716;1.2894736842105263;
2.668;1.2432432432432432;
2.756;1.105263157894737;
2.752;1.162162162162162;
2.712;1.03125;
2.632;1.15;
2.94;1.0;
2.756;1.0810810810810811;
2.884;1.2058823529411764;
2.956;1.1944444444444444;
2.908;1.125;
2.78;1.0;
2.764;1.0857142857142856;
3.088;1.0344827586206897;
3.08;1.1111111111111112;
2.812;1.1666666666666667;
3.2;1.2;
2.88;1.2222222222222223;
2.928;1.08;
2.816;1.0625;
3.032;1.0384615384615385;
3.18;1.1111111111111112;
3.232;1.0;
2.928;1.0740740740740742;
3.064;1.2272727272727273;
3.096;1.0454545454545454;
3.196;1.0;
3.236;1.0740740740740742;
3.304;1.0384615384615385;
3.292;1.1578947368421053;
3.16;1.1;
3.068;1.0384615384615385;
3.156;1.1;
3.268;1.0;
3.264;1.0;
3.288;1.125;
3.34;1.105263157894737;
3.34;1.04;
3.452;1.0;
3.28;1.1111111111111112;
3.5;1.0833333333333333;
3.356;1.0454545454545454;
3.408;1.0;
3.584;1.105263157894737;
3.52;1.0;
3.496;1.0;
3.296;1.2307692307692308;
3.528;1.0666666666666667;
3.504;1.1111111111111112;
3.564;1.0666666666666667;
3.824;1.0;
3.516;1.1;
3.704;1.1428571428571428;
3.54;1.0;
3.712;1.0833333333333333;
3.784;1.0625;
3.788;1.0;
3.968;1.0;
3.616;1.125;
3.744;1.1666666666666667;
3.82;1.1428571428571428;
3.9;1.0;
3.98;1.0;
3.936;1.0;
3.916;1.0;
4.0;1.0;
3.832;1.0;
3.976;1.2857142857142858;
3.94;1.0;
0.008;1.0020120724346075;
0.028;1.0121951219512195;
0.028;1.0121951219512195;
0.06;1.0289256198347108;
0.08;1.0375782881002087;
0.08;1.0375782881002087;
0.124;1.0598290598290598;
0.136;1.0666666666666667;
0.152;1.0759219088937093;
0.2;1.1069042316258353;
0.212;1.1121076233183858;
0.2;1.1046770601336302;
0.228;1.1221719457013575;
0.316;1.1785714285714286;
0.344;1.1961259079903148;
0.276;1.1511627906976745;
0.252;1.1330275229357798;
0.344;1.1961259079903148;
0.32;1.1813842482100239;
0.38;1.2202970297029703;
0.456;1.2753246753246754;
0.448;1.2635658914728682;
0.476;1.2973684210526315;
0.408;1.2443324937027709;
0.468;1.2774869109947644;
0.452;1.266839378238342;
0.544;1.3553719008264462;
0.644;1.4467455621301775;
0.608;1.3688760806916427;
0.576;1.371830985915493;
0.592;1.3846153846153846;
0.62;1.4098837209302326;
0.64;1.4336283185840708;
0.68;1.4072948328267476;
0.644;1.3905325443786982;
0.672;1.444108761329305;
0.632;1.434017595307918;
0.824;1.6177474402730376;
0.7;1.4523076923076923;
0.82;1.6462585034013606;
0.74;1.5127388535031847;
0.788;1.6059602649006623;
0.888;1.703971119133574;
0.948;1.8212927756653992;
0.88;1.7096774193548387;
0.892;1.7355072463768115;
0.976;1.8313725490196078;
0.924;1.742537313432836;
0.936;1.7773584905660378;
0.888;1.6798561151079137;
1.04;1.9208333333333334;
1.016;1.825910931174089;
1.08;2.061135371179039;
1.096;1.8893805309734513;
1.004;1.896;
1.128;1.761467889908257;
0.988;1.8015873015873016;
1.24;1.8963730569948187;
1.256;1.6157894736842104;
1.184;1.7004830917874396;
1.216;1.6377551020408163;
1.312;1.7359550561797752;
1.244;1.2820512820512822;
1.232;1.8082901554404145;
1.344;2.089820359281437;
1.452;1.6413793103448275;
1.316;1.6480446927374302;
1.46;1.3051948051948052;
1.492;1.4895104895104896;
1.34;1.583815028901734;
1.376;1.4424242424242424;
1.436;1.5769230769230769;
1.46;1.417808219178082;
1.536;1.4087591240875912;
1.528;1.7555555555555555;
1.48;1.4513888888888888;
1.544;1.3692307692307693;
1.512;1.3916083916083917;
1.608;1.4962962962962962;
1.66;1.2347826086956522;
1.488;1.3405797101449275;
1.536;1.467153284671533;
1.788;1.276190476190476;
1.88;1.2417582417582418;
1.7;1.4339622641509433;
1.74;1.2363636363636363;
1.824;1.3061224489795917;
1.636;1.3388429752066116;
1.68;1.3361344537815125;
1.824;1.3529411764705883;
1.86;1.2653061224489797;
1.66;1.467741935483871;
1.804;1.4326923076923077;
1.72;1.3669724770642202;
1.9;1.3142857142857143;
1.704;1.209090909090909;
1.884;1.3186813186813187;
1.996;1.2876712328767124;
2.064;1.3;
2.084;1.1375;
2.108;1.4285714285714286;
2.084;1.3134328358208955;
2.304;1.2307692307692308;
2.144;1.2638888888888888;
2.052;1.1428571428571428;
2.044;1.2560975609756098;
2.1;1.1733333333333333;
2.144;1.2083333333333333;
2.156;1.2266666666666666;
2.16;1.2580645161290323;
2.276;1.1818181818181819;
2.18;1.2394366197183098;
2.1;1.1428571428571428;
2.316;1.0943396226415094;
2.124;1.2463768115942029;
2.344;1.1320754716981132;
2.304;1.150943396226415;
2.412;1.1818181818181819;
2.248;1.318840579710145;
2.408;1.1041666666666667;
2.296;1.11864406779661;
2.528;1.0454545454545454;
2.464;1.1304347826086956;
2.396;1.173913043478261;
2.448;1.1458333333333333;
2.68;1.2;
2.428;1.2083333333333333;
2.396;1.2;
2.596;1.0952380952380953;
2.492;1.2549019607843137;
2.704;1.0571428571428572;
2.744;1.125;
2.576;1.127659574468085;
2.596;1.1219512195121952;
2.464;1.04;
2.924;1.2;
2.696;1.05;
2.632;1.1555555555555554;
2.808;1.0;
2.72;1.1333333333333333;
2.828;1.0277777777777777;
2.784;1.1891891891891893;
2.84;1.1;
2.864;1.0833333333333333;
2.712;1.075;
3.016;1.0434782608695652;
2.948;1.0;
3.076;1.1428571428571428;
2.94;1.0;
2.948;1.0384615384615385;
3.084;1.1904761904761905;
3.084;1.0416666666666667;
2.904;1.1333333333333333;
2.976;1.2727272727272727;
2.952;1.0;
3.16;1.0;
3.004;1.0666666666666667;
3.112;1.1153846153846154;
3.196;1.0909090909090908;
3.212;1.0869565217391304;
3.2;1.2;
3.18;1.0555555555555556;
3.236;1.0476190476190477;
3.288;1.105263157894737;
3.324;1.0;
3.256;1.105263157894737;
3.388;1.0526315789473684;
3.18;1.0416666666666667;
3.312;1.0;
3.476;1.15;
3.196;1.0;
3.424;1.0476190476190477;
3.428;1.0714285714285714;
3.348;1.0;
3.492;1.0;
3.32;1.0;
3.372;1.1176470588235294;
3.512;1.0;
3.484;1.0;
3.408;1.1666666666666667;
3.412;1.0526315789473684;
3.528;1.0625;
3.712;1.0833333333333333;
3.684;1.0769230769230769;
3.836;1.0;
3.512;1.1818181818181819;
3.46;1.0;
3.624;1.0714285714285714;
3.88;1.0;
3.84;1.0;
3.8;1.0;
3.92;1.125;
3.584;1.0476190476190477;
3.824;1.0;
3.784;1.0;
3.856;1.0;
3.844;1.0;
4.056;1.125;
3.844;1.0;
3.684;1.0833333333333333;
0.012;1.0040322580645162;
0.028;1.0121951219512195;
0.032;1.0142566191446027;
0.1;1.0464135021097047;
0.088;1.0419287211740043;
0.12;1.0597014925373134;
0.1;1.0485232067510548;
0.172;1.0855263157894737;
0.22;1.117117117117117;
0.22;1.1193693693693694;
0.22;1.1103603603603605;
0.188;1.0973451327433628;
0.26;1.1382488479262673;
0.28;1.1538461538461537;
0.24;1.1275626423690206;
0.384;1.2233250620347396;
0.316;1.1785714285714286;
0.324;1.1770334928229664;
0.34;1.1956521739130435;
0.344;1.1937046004842615;
0.388;1.2238805970149254;
0.408;1.2418136020151134;
0.464;1.2845953002610966;
0.432;1.2506393861892584;
0.508;1.3172043010752688;
0.528;1.337874659400545;
0.488;1.3076923076923077;
0.62;1.4244186046511629;
0.568;1.380952380952381;
0.616;1.4231884057971014;
0.6;1.4068767908309456;
0.648;1.459940652818991;
0.7;1.4876543209876543;
0.752;1.572347266881029;
0.696;1.4953846153846153;
0.728;1.5173501577287065;
0.756;1.5806451612903225;
0.736;1.5396825396825398;
0.808;1.6161616161616161;
0.816;1.664406779661017;
0.788;1.596026490066225;
0.836;1.6082474226804124;
0.888;1.5683453237410072;
0.78;1.6085526315789473;
0.872;1.6654804270462633;
0.916;1.7343173431734318;
0.956;1.7662835249042146;
1.012;1.91869918699187;
0.944;1.6653992395437263;
1.024;1.662551440329218;
0.924;1.742537313432836;
1.024;1.7663934426229508;
0.988;1.6456692913385826;
1.152;2.023696682464455;
1.108;1.8973214285714286;
1.128;1.9324324324324325;
1.132;1.6255707762557077;
1.144;1.8028169014084507;
1.284;2.272222222222222;
1.136;1.5981735159817352;
1.228;1.546875;
1.312;1.6480446927374302;
1.228;1.6414141414141414;
1.312;1.582857142857143;
1.352;1.5470588235294118;
1.304;1.8457142857142856;
1.36;1.2716763005780347;
1.42;1.3836477987421383;
1.44;1.3376623376623376;
1.296;1.9204545454545454;
1.5;1.6027397260273972;
1.336;1.7055555555555555;
1.4;1.4573170731707317;
1.448;1.4322580645161291;
1.396;1.3431952662721893;
1.488;1.3636363636363635;
1.476;1.261744966442953;
1.58;1.3384615384615384;
1.564;1.4014598540145986;
1.528;1.4172661870503598;
1.608;1.4705882352941178;
1.652;1.4324324324324325;
1.576;1.4580152671755726;
1.7;1.5132743362831858;
1.712;1.276190476190476;
1.612;1.2992125984251968;
1.92;1.2125;
1.732;1.25;
1.856;1.141304347826087;
1.692;1.2857142857142858;
1.876;1.3111111111111111;
1.848;1.367816091954023;
1.752;1.2660550458715596;
1.824;1.2616822429906542;
1.892;1.2873563218390804;
1.952;1.2727272727272727;
2.06;1.25;
1.952;1.3116883116883118;
2.004;1.1481481481481481;
2.124;1.2564102564102564;
1.888;1.2234042553191489;
1.984;1.3176470588235294;
1.824;1.3195876288659794;
2.08;1.2162162162162162;
2.116;1.3333333333333333;
1.9;1.1170212765957446;
2.116;1.2153846153846153;
2.328;1.309090909090909;
2.172;1.0806451612903225;
2.252;1.2380952380952381;
2.32;1.1090909090909091;
2.176;1.09375;
2.22;1.1904761904761905;
2.424;1.1272727272727272;
2.472;1.3666666666666667;
2.184;1.2916666666666667;
2.316;1.3061224489795917;
2.176;1.106060606060606;
2.28;1.14;
2.168;1.2191780821917808;
2.368;1.1020408163265305;
2.484;1.2291666666666667;
2.388;1.1914893617021276;
2.404;1.0196078431372548;
2.284;1.1111111111111112;
2.676;1.088235294117647;
2.4;1.0384615384615385;
2.616;1.125;
2.632;1.25;
2.632;1.125;
2.452;1.1818181818181819;
2.668;1.1176470588235294;
2.668;1.148936170212766;
2.66;1.125;
2.58;1.1081081081081081;
2.524;1.163265306122449;
2.712;1.1;
2.84;1.1818181818181819;
2.836;1.054054054054054;
2.888;1.0810810810810811;
2.892;1.1304347826086956;
2.796;1.1333333333333333;
2.964;1.0;
2.788;1.1111111111111112;
2.648;1.1372549019607843;
2.792;1.12;
3.096;1.0;
2.828;1.1081081081081081;
2.876;1.0;
3.284;1.0384615384615385;
3.08;1.1904761904761905;
3.116;1.0689655172413792;
3.148;1.0;
2.976;1.2;
2.872;1.088235294117647;
2.948;1.15625;
3.096;1.0;
3.252;1.3;
3.12;1.0384615384615385;
3.2;1.0357142857142858;
3.148;1.0714285714285714;
3.152;1.173913043478261;
3.356;1.0555555555555556;
3.188;1.105263157894737;
3.292;1.15;
3.264;1.0;
3.348;1.05;
3.608;1.0;
3.376;1.0;
3.472;1.0588235294117647;
3.364;1.0;
3.384;1.0714285714285714;
3.38;1.0714285714285714;
3.396;1.0;
3.42;1.0;
3.432;1.0;
3.796;1.0;
3.416;1.0833333333333333;
3.52;1.25;
3.436;1.1111111111111112;
3.488;1.0666666666666667;
3.424;1.0555555555555556;
3.712;1.0;
3.648;1.0909090909090908;
3.68;1.0;
3.58;1.0;
3.88;1.0;
3.64;1.0588235294117647;
3.708;1.0833333333333333;
3.824;1.0;
3.72;1.0;
3.648;1.0;
3.616;1.0909090909090908;
3.832;1.0769230769230769;
3.804;1.0769230769230769;
3.86;1.0;
3.784;1.0;
3.716;1.25;
4.1;1.0;
4.072;1.0;
0.008;1.0020120724346075;
0.04;1.01840490797546;
0.036;1.0163265306122449;
0.092;1.0441176470588236;
0.076;1.0375;
0.088;1.0419287211740043;
0.144;1.0734341252699784;
0.116;1.0574468085106383;
0.192;1.099778270509978;
0.144;1.0712742980561556;
0.2;1.1046770601336302;
0.204;1.1049107142857142;
0.212;1.1076233183856503;
0.22;1.117117117117117;
0.304;1.1702127659574468;
0.22;1.114864864864865;
0.336;1.1903614457831326;
0.296;1.1529411764705881;
0.42;1.2538071065989849;
0.348;1.1990291262135921;
0.412;1.2398989898989898;
0.356;1.2048780487804878;
0.364;1.213235294117647;
0.46;1.2838541666666667;
0.48;1.279683377308707;
0.56;1.3537604456824512;
0.476;1.2894736842105263;
0.476;1.3;
0.632;1.394736842105263;
0.6;1.4011461318051577;
0.588;1.3721590909090908;
0.6;1.4011461318051577;
0.572;1.3764044943820224;
0.668;1.4367469879518073;
0.676;1.4575757575757575;
0.676;1.4727272727272727;
0.716;1.48125;
0.776;1.5639344262295083;
0.736;1.5333333333333334;
0.784;1.5973597359735974;
0.868;1.6382978723404256;
0.692;1.49079754601227;
0.896;1.6;
0.804;1.6073825503355705;
0.84;1.6124567474048443;
0.972;1.51171875;
0.84;1.6747404844290656;
0.872;1.6939501779359432;
0.924;1.742537313432836;
0.96;1.718146718146718;
0.976;1.6980392156862745;
1.136;1.7397260273972603;
1.112;1.9276018099547512;
0.996;1.836;
1.16;2.0861244019138754;
1.192;1.8106796116504855;
1.076;1.5148936170212766;
1.084;1.894736842105263;
1.116;1.936936936936937;
1.124;1.6832579185520362;
1.24;1.592783505154639;
1.224;1.7309644670050761;
1.288;1.7282608695652173;
1.32;1.5174418604651163;
1.252;1.5578947368421052;
1.368;2.0484848484848484;
1.232;2.035532994923858;
1.26;1.6397849462365592;
1.308;1.5786516853932584;
1.288;1.5248618784530388;
1.348;1.6745562130177514;
1.42;1.7161290322580645;
1.288;1.6612021857923498;
1.372;1.5644171779141105;
1.404;1.5375;
1.528;1.3453237410071943;
1.684;1.238532110091743;
1.412;1.6;
1.644;1.3484848484848484;
1.448;1.3972602739726028;
1.752;1.3818181818181818;
1.548;1.2340425531914894;
1.652;1.2704918032786885;
1.716;1.3423423423423424;
1.644;1.1612903225806452;
1.644;1.3333333333333333;
1.776;1.4375;
1.748;1.3627450980392157;
1.704;1.3571428571428572;
1.8;1.3269230769230769;
1.964;1.4096385542168675;
1.824;1.1789473684210525;
1.948;1.1951219512195121;
1.976;1.1917808219178083;
1.844;1.2788461538461537;
1.948;1.2298850574712643;
1.984;1.2394366197183098;
1.928;1.096774193548387;
2.088;1.2537313432835822;
1.956;1.1956521739130435;
2.032;1.1428571428571428;
2.216;1.1272727272727272;
2.204;1.1692307692307693;
1.948;1.3118279569892473;
2.024;1.355263157894737;
1.972;1.1612903225806452;
2.028;1.205128205128205;
2.036;1.25;
2.14;1.3548387096774193;
2.296;1.1774193548387097;
2.256;1.1692307692307693;
2.328;1.2448979591836735;
2.304;1.2;
2.164;1.2456140350877194;
2.192;1.1594202898550725;
2.2;1.2741935483870968;
2.412;1.288888888888889;
2.208;1.2881355932203389;
2.276;1.1481481481481481;
2.34;1.1384615384615384;
2.544;1.0555555555555556;
2.4;1.0384615384615385;
2.344;1.1851851851851851;
2.552;1.1666666666666667;
2.54;1.2380952380952381;
2.428;1.0526315789473684;
2.524;1.170731707317073;
2.532;1.108695652173913;
2.496;1.1333333333333333;
2.48;1.1136363636363635;
2.508;1.0975609756097562;
2.704;1.2413793103448276;
2.572;1.148936170212766;
2.644;1.0930232558139534;
2.648;1.1136363636363635;
2.792;1.1515151515151516;
2.756;1.2424242424242424;
2.852;1.0571428571428572;
2.72;1.135135135135135;
2.712;1.0769230769230769;
2.584;1.1914893617021276;
2.556;1.0227272727272727;
2.84;1.03125;
2.928;1.0454545454545454;
2.62;1.263157894736842;
2.832;1.170731707317073;
2.804;1.1142857142857143;
2.912;1.125;
2.988;1.0416666666666667;
3.068;1.0689655172413792;
3.116;1.2380952380952381;
2.912;1.103448275862069;
3.016;1.0454545454545454;
3.1;1.0434782608695652;
3.076;1.0;
3.176;1.0526315789473684;
3.072;1.0416666666666667;
3.136;1.0909090909090908;
3.224;1.0;
3.232;1.0434782608695652;
3.088;1.0;
3.236;1.0454545454545454;
3.356;1.0666666666666667;
3.156;1.103448275862069;
3.316;1.0;
3.268;1.0833333333333333;
3.34;1.0476190476190477;
3.432;1.0666666666666667;
3.508;1.0;
3.276;1.0526315789473684;
3.24;1.0;
3.328;1.1111111111111112;
3.392;1.1176470588235294;
3.308;1.1818181818181819;
3.368;1.0526315789473684;
3.516;1.0625;
3.456;1.0555555555555556;
3.532;1.0;
3.348;1.1428571428571428;
3.784;1.0;
3.708;1.0;
3.756;1.0526315789473684;
3.444;1.105263157894737;
3.516;1.1428571428571428;
3.516;1.0769230769230769;
3.632;1.0833333333333333;
3.904;1.0;
3.74;1.0588235294117647;
3.768;1.0;
3.724;1.0666666666666667;
3.964;1.0;
3.824;1.0;
3.76;1.0;
3.916;1.0;
3.772;1.0666666666666667;
3.856;1.0;
3.956;1.0;
4.108;1.1111111111111112;
3.836;1.0;
4.06;1.5;
0.0;1.0;
0.04;1.01840490797546;
0.048;1.0205338809034907;
0.068;1.0311203319502074;
0.088;1.0419287211740043;
0.104;1.0465116279069768;
0.112;1.0552016985138004;
0.156;1.076086956521739;
0.208;1.109619686800895;
0.192;1.099778270509978;
0.204;1.1071428571428572;
0.24;1.1298405466970387;
0.292;1.1549295774647887;
0.224;1.117117117117117;
0.312;1.175771971496437;
0.34;1.1956521739130435;
0.336;1.1903614457831326;
0.372;1.2192118226600985;
0.312;1.173396674584323;
0.388;1.228855721393035;
0.376;1.219753086419753;
0.428;1.2551020408163265;
0.48;1.2955145118733509;
0.484;1.3015873015873016;
0.484;1.2989417989417988;
0.58;1.384180790960452;
0.608;1.3948126801152738;
0.46;1.2838541666666667;
0.628;1.4239766081871346;
0.524;1.3396739130434783;
0.592;1.3646723646723646;
0.64;1.4424778761061947;
0.536;1.326027397260274;
0.58;1.347457627118644;
0.756;1.564516129032258;
0.68;1.4772036474164134;
0.788;1.5132450331125828;
0.648;1.3946587537091988;
0.732;1.5379746835443038;
0.8;1.5752508361204014;
0.832;1.6529209621993126;
0.872;1.6939501779359432;
0.76;1.5728155339805825;
0.8;1.5919732441471572;
0.852;1.6689895470383276;
1.016;1.7206477732793521;
0.832;1.5876288659793814;
0.964;1.7170542635658914;
1.124;2.1095890410958904;
0.944;1.7300380228136882;
0.872;1.697508896797153;
1.104;1.5973451327433628;
1.08;1.9170305676855894;
1.148;1.929245283018868;
1.024;1.7172131147540983;
1.156;1.5952380952380953;
1.08;1.8034934497816595;
1.152;2.023474178403756;
1.104;2.071748878923767;
1.168;1.7095238095238094;
1.244;1.4517766497461928;
1.216;1.6161616161616161;
1.224;2.2102564102564104;
1.404;1.4150943396226414;
1.196;2.1707317073170733;
1.268;1.418848167539267;
1.288;1.8232044198895028;
1.308;1.5082872928176796;
1.516;1.4316546762589928;
1.432;1.4407894736842106;
1.336;1.6228571428571428;
1.524;1.5289855072463767;
1.34;1.4342857142857144;
1.464;1.6357142857142857;
1.54;1.3404255319148937;
1.592;1.34375;
1.628;1.384;
1.556;1.4214285714285715;
1.568;1.4921875;
1.692;1.3063063063063063;
1.624;1.3025210084033614;
1.58;1.8360655737704918;
1.7;1.5686274509803921;
1.544;1.4393939393939394;
1.636;1.376;
1.56;1.3768115942028984;
1.7;1.3185840707964602;
1.564;1.744360902255639;
1.836;1.24;
1.832;1.2921348314606742;
1.888;1.4947368421052631;
1.772;1.3148148148148149;
1.948;1.3595505617977528;
1.836;1.3402061855670102;
1.948;1.1785714285714286;
1.784;1.1962616822429906;
1.932;1.2222222222222223;
1.972;1.3157894736842106;
2.004;1.1511627906976745;
1.952;1.1888888888888889;
2.052;1.1527777777777777;
1.98;1.3253012048192772;
2.068;1.3375;
2.124;1.2571428571428571;
2.036;1.1772151898734178;
2.096;1.1944444444444444;
2.096;1.3611111111111112;
2.1;1.3472222222222223;
2.236;1.162162162162162;
2.14;1.2727272727272727;
2.148;1.2352941176470589;
2.272;1.196078431372549;
2.28;1.28;
2.252;1.144927536231884;
2.48;1.1333333333333333;
2.3;1.1228070175438596;
2.36;1.1521739130434783;
2.372;1.0909090909090908;
2.528;1.183673469387755;
2.28;1.1578947368421053;
2.528;1.1111111111111112;
2.524;1.125;
2.6;1.1538461538461537;
2.544;1.2;
2.572;1.1458333333333333;
2.58;1.1794871794871795;
2.528;1.1666666666666667;
2.684;1.1935483870967742;
2.688;1.2;
2.544;1.0232558139534884;
2.54;1.0232558139534884;
2.58;1.173913043478261;
2.596;1.2352941176470589;
2.76;1.0227272727272727;
2.644;1.05;
2.42;1.148936170212766;
2.58;1.135135135135135;
2.728;1.1081081081081081;
2.768;1.0909090909090908;
2.696;1.2222222222222223;
2.808;1.2;
2.788;1.0681818181818181;
2.82;1.15;
2.964;1.032258064516129;
2.864;1.0606060606060606;
3.012;1.0357142857142858;
2.828;1.0416666666666667;
3.0;1.105263157894737;
2.896;1.096774193548387;
2.936;1.0714285714285714;
2.708;1.0789473684210527;
2.992;1.0689655172413792;
2.888;1.088235294117647;
3.144;1.15;
2.864;1.0476190476190477;
3.06;1.0555555555555556;
3.104;1.2;
3.272;1.0952380952380953;
3.128;1.1111111111111112;
3.172;1.2608695652173914;
3.188;1.125;
3.336;1.0625;
3.12;1.1666666666666667;
3.384;1.0909090909090908;
3.236;1.0;
3.112;1.1666666666666667;
3.244;1.0869565217391304;
3.216;1.1785714285714286;
3.288;1.0;
3.424;1.0714285714285714;
3.364;1.0588235294117647;
3.504;1.0;
3.364;1.0;
3.34;1.0833333333333333;
3.392;1.0555555555555556;
3.68;1.0;
3.612;1.0;
3.584;1.0;
3.584;1.125;
3.704;1.0714285714285714;
3.572;1.0625;
3.432;1.0555555555555556;
3.708;1.0;
3.684;1.0;
3.624;1.0625;
3.508;1.0909090909090908;
3.62;1.1176470588235294;
3.932;1.0;
3.932;1.0;
3.776;1.0;
3.62;1.0;
3.684;1.0;
4.02;1.0;
3.928;1.0;
3.984;1.2222222222222223;
3.92;1.0;
3.924;1.0;
3.872;1.2222222222222223;
3.964;1.0;
3.94;1.0;
0.0;1.0;
0.048;1.0205338809034907;
0.064;1.031055900621118;
0.044;1.0184426229508197;
0.052;1.0246913580246915;
0.12;1.0597014925373134;
0.132;1.0643776824034334;
0.144;1.062634989200864;
0.148;1.0735930735930737;
0.168;1.0809628008752736;
0.248;1.1350114416475972;
0.26;1.140552995391705;
0.264;1.1454965357967668;
0.284;1.1542056074766356;
0.244;1.1324200913242009;
0.308;1.1682464454976302;
0.292;1.1619718309859155;
0.3;1.1650943396226414;
0.428;1.2551020408163265;
0.4;1.2355889724310778;
0.388;1.2313432835820894;
0.408;1.2392947103274559;
0.46;1.28125;
0.444;1.2551546391752577;
0.428;1.2576530612244898;
0.468;1.293193717277487;
0.516;1.3243243243243243;
0.508;1.3091397849462365;
0.52;1.3333333333333333;
0.56;1.350974930362117;
0.6;1.3982808022922637;
0.56;1.3704735376044568;
0.692;1.4723926380368098;
0.608;1.3804034582132565;
0.796;1.5662251655629138;
0.704;1.5170278637770898;
0.716;1.459375;
0.86;1.6690140845070423;
0.712;1.4766355140186915;
0.776;1.580327868852459;
0.82;1.6033898305084746;
0.92;1.7555555555555555;
0.912;1.7720588235294117;
0.768;1.488599348534202;
0.896;1.6884057971014492;
0.904;1.73992673992674;
1.048;1.9243697478991597;
0.904;1.73992673992674;
0.992;1.8181818181818181;
1.108;1.9282511210762332;
0.8;1.6020066889632107;
1.032;1.8305785123966942;
1.068;1.8197424892703862;
1.14;1.7813953488372094;
1.008;1.8548387096774193;
1.096;1.6724890829694323;
1.076;1.9008620689655173;
1.068;1.8418803418803418;
1.112;1.972972972972973;
1.124;1.738532110091743;
1.176;1.6525821596244132;
1.372;1.5149700598802396;
1.356;1.505813953488372;
1.196;2.074626865671642;
1.344;1.6390532544378698;
1.408;1.5923566878980893;
1.38;1.4268292682926829;
1.308;1.4364640883977902;
1.148;1.9345794392523366;
1.424;1.631578947368421;
1.456;1.4899328859060403;
1.328;1.6839080459770115;
1.288;1.5026737967914439;
1.412;1.5974025974025974;
1.488;1.3862068965517242;
1.488;1.4929577464788732;
1.568;1.3053435114503817;
1.568;1.4375;
1.58;1.5227272727272727;
1.524;1.4545454545454546;
1.74;1.1900826446280992;
1.596;1.3636363636363635;
1.664;1.288;
1.588;1.3968253968253967;
1.724;1.3818181818181818;
1.576;1.375;
1.668;1.1652173913043478;
1.816;1.3829787234042554;
1.768;1.2727272727272727;
1.8;1.2871287128712872;
1.82;1.3225806451612903;
1.972;1.3529411764705883;
1.82;1.4333333333333333;
1.94;1.3838383838383839;
1.904;1.1744186046511629;
1.916;1.2857142857142858;
1.94;1.1904761904761905;
1.724;1.4509803921568627;
1.828;1.3186813186813187;
2.104;1.2027027027027026;
2.116;1.1923076923076923;
2.064;1.25;
2.092;1.2435897435897436;
2.004;1.4375;
2.116;1.1304347826086956;
2.1;1.2469135802469136;
2.128;1.2714285714285714;
2.24;1.2419354838709677;
2.092;1.2125;
2.148;1.144927536231884;
2.204;1.1515151515151516;
2.2;1.2950819672131149;
2.168;1.1714285714285715;
2.284;1.1929824561403508;
2.224;1.1948051948051948;
2.288;1.2463768115942029;
2.368;1.173913043478261;
2.244;1.1159420289855073;
2.312;1.1886792452830188;
2.408;1.0625;
2.504;1.2;
2.368;1.109375;
2.608;1.0909090909090908;
2.36;1.169811320754717;
2.468;1.0869565217391304;
2.244;1.2615384615384615;
2.536;1.1304347826086956;
2.472;1.206896551724138;
2.444;1.1875;
2.412;1.1666666666666667;
2.716;1.0277777777777777;
2.536;1.025;
2.668;1.0930232558139534;
2.676;1.0731707317073171;
2.728;1.1935483870967742;
2.608;1.1627906976744187;
2.764;1.0263157894736843;
2.604;1.2222222222222223;
2.716;1.0256410256410255;
2.576;1.0285714285714285;
2.676;1.1923076923076923;
2.964;1.032258064516129;
2.936;1.375;
3.08;1.1379310344827587;
2.82;1.054054054054054;
2.8;1.0;
2.984;1.096774193548387;
2.844;1.0357142857142858;
3.0;1.1935483870967742;
2.872;1.09375;
3.028;1.0769230769230769;
2.86;1.2424242424242424;
3.008;1.12;
3.172;1.08;
2.852;1.125;
3.132;1.0476190476190477;
3.224;1.0;
3.148;1.0714285714285714;
3.152;1.0909090909090908;
3.268;1.0666666666666667;
3.244;1.1578947368421053;
3.2;1.0869565217391304;
3.208;1.1578947368421053;
3.256;1.0434782608695652;
3.2;1.04;
3.244;1.0;
3.384;1.1111111111111112;
3.264;1.105263157894737;
3.72;1.0666666666666667;
3.328;1.0526315789473684;
3.092;1.0;
3.288;1.0526315789473684;
3.488;1.0476190476190477;
3.412;1.0;
3.628;1.0555555555555556;
3.616;1.0;
3.292;1.0;
3.476;1.1428571428571428;
3.556;1.1;
3.728;1.0714285714285714;
3.796;1.0;
3.68;1.0;
3.644;1.0;
3.776;1.0666666666666667;
3.912;1.0;
3.828;1.125;
3.788;1.0;
3.892;1.0;
3.648;1.0;
3.82;1.0;
3.744;1.1;
3.744;1.0;
3.904;1.0;
3.54;1.0714285714285714;
3.8;1.1333333333333333;
4.024;1.0;
3.64;1.15;
3.948;1.0;
3.92;1.0;
4.24;1.0;
0.004;1.0;
0.016;1.006060606060606;
0.056;1.024742268041237;
0.06;1.0268595041322315;
0.092;1.0441176470588236;
0.092;1.0441176470588236;
0.132;1.0643776824034334;
0.092;1.0420168067226891;
0.156;1.0804347826086957;
0.18;1.092511013215859;
0.2;1.1046770601336302;
0.2;1.1046770601336302;
0.216;1.1146067415730336;
0.308;1.1706161137440758;
0.268;1.1458333333333333;
0.332;1.1923076923076923;
0.416;1.2455696202531645;
0.304;1.1702127659574468;
0.416;1.250632911392405;
0.36;1.1980440097799512;
0.46;1.2864583333333333;
0.4;1.2330827067669172;
0.432;1.2525510204081634;
0.5;1.304812834224599;
0.44;1.2647814910025708;
0.488;1.29973474801061;
0.488;1.29973474801061;
0.532;1.3469945355191257;
0.54;1.348901098901099;
0.496;1.3013333333333332;
0.596;1.4028571428571428;
0.672;1.4561933534743203;
0.684;1.4329268292682926;
0.708;1.4968944099378882;
0.648;1.3976261127596439;
0.608;1.4063400576368876;
0.668;1.4698795180722892;
0.656;1.4477611940298507;
0.74;1.5509554140127388;
0.84;1.6747404844290656;
0.836;1.6758620689655173;
0.908;1.6727941176470589;
0.816;1.623728813559322;
0.78;1.5328947368421053;
0.94;1.7121212121212122;
0.944;1.6806083650190113;
0.84;1.6193771626297577;
0.88;1.6523297491039426;
1.024;1.9218106995884774;
1.052;1.8135593220338984;
1.052;1.9327731092436975;
0.98;1.8228346456692914;
1.032;1.9421487603305785;
1.112;2.080357142857143;
1.02;1.7428571428571429;
1.128;1.889908256880734;
1.016;1.8211382113821137;
1.188;1.8398058252427185;
1.232;1.9119170984455958;
1.128;1.6192660550458715;
1.084;1.8565217391304347;
1.116;1.7702702702702702;
1.216;2.217171717171717;
1.216;1.616504854368932;
1.356;1.3806818181818181;
1.3;1.905027932960894;
1.26;1.797872340425532;
1.292;1.6574585635359116;
1.272;1.5294117647058822;
1.492;1.5068493150684932;
1.424;1.5033112582781456;
1.452;1.5238095238095237;
1.52;1.4558823529411764;
1.424;1.4807692307692308;
1.392;1.4591194968553458;
1.496;1.5347222222222223;
1.492;1.583941605839416;
1.352;1.6787878787878787;
1.584;1.3790322580645162;
1.444;1.5945945945945945;
1.448;1.34640522875817;
1.492;1.5416666666666667;
1.52;1.3285714285714285;
1.696;1.4615384615384615;
1.78;1.4479166666666667;
1.896;1.367816091954023;
1.732;1.3592233009708738;
1.768;1.330188679245283;
1.776;1.290909090909091;
1.764;1.443298969072165;
1.8;1.2777777777777777;
1.896;1.4333333333333333;
1.836;1.396039603960396;
1.82;1.4065934065934067;
1.776;1.3;
2.028;1.2191780821917808;
1.952;1.2307692307692308;
2.064;1.2467532467532467;
1.976;1.2;
1.784;1.4;
1.98;1.2048192771084338;
2.14;1.2028985507246377;
2.072;1.3389830508474576;
1.936;1.3076923076923077;
2.048;1.1948051948051948;
2.168;1.2222222222222223;
2.24;1.2;
2.324;1.1851851851851851;
2.24;1.1645569620253164;
2.352;1.1206896551724137;
2.22;1.2222222222222223;
2.016;1.1304347826086956;
2.356;1.2222222222222223;
2.348;1.1851851851851851;
2.272;1.1730769230769231;
2.288;1.2075471698113207;
2.188;1.2295081967213115;
2.224;1.2982456140350878;
2.46;1.16;
2.396;1.263157894736842;
2.368;1.0909090909090908;
2.604;1.0714285714285714;
2.28;1.3859649122807018;
2.396;1.2765957446808511;
2.556;1.0681818181818181;
2.524;1.1458333333333333;
2.572;1.0625;
2.452;1.04;
2.6;1.121212121212121;
2.536;1.1363636363636365;
2.64;1.0833333333333333;
2.62;1.1111111111111112;
2.632;1.2666666666666666;
2.672;1.162162162162162;
2.824;1.0256410256410255;
2.78;1.1333333333333333;
2.636;1.1;
2.872;1.125;
2.876;1.2;
2.844;1.103448275862069;
2.624;1.1290322580645162;
2.792;1.2352941176470589;
2.812;1.0810810810810811;
2.988;1.1111111111111112;
2.904;1.1935483870967742;
2.988;1.25;
3.024;1.0869565217391304;
3.24;1.0416666666666667;
2.82;1.103448275862069;
2.876;1.1379310344827587;
2.856;1.2258064516129032;
2.76;1.162162162162162;
2.92;1.0714285714285714;
3.116;1.0;
3.196;1.0;
3.14;1.0;
3.028;1.173913043478261;
3.176;1.1;
3.18;1.0;
3.148;1.0303030303030303;
3.224;1.1363636363636365;
3.208;1.0;
3.144;1.0;
3.232;1.1363636363636365;
3.152;1.1666666666666667;
3.312;1.0;
3.392;1.0;
3.376;1.1428571428571428;
3.348;1.2857142857142858;
3.392;1.0;
3.328;1.0416666666666667;
3.4;1.0;
3.392;1.1538461538461537;
3.556;1.0714285714285714;
3.632;1.0;
3.24;1.2142857142857142;
3.384;1.105263157894737;
3.536;1.0;
3.404;1.1363636363636365;
3.572;1.1578947368421053;
3.564;1.0;
3.712;1.0;
3.572;1.0;
3.796;1.0;
3.54;1.0;
3.564;1.1111111111111112;
3.6;1.1666666666666667;
3.816;1.0;
3.936;1.0;
3.728;1.0;
3.764;1.0;
3.988;1.0666666666666667;
3.748;1.0;
3.596;1.0;
3.924;1.0;
3.876;1.0;
3.864;1.1111111111111112;
4.088;1.0;
3.696;1.0625;
3.888;1.0;
0.008;1.0020120724346075;
0.024;1.0101419878296145;
0.044;1.0204918032786885;
0.048;1.0205338809034907;
0.072;1.0353430353430353;
0.116;1.0574468085106383;
0.088;1.039832285115304;
0.116;1.0574468085106383;
0.164;1.0851528384279476;
0.172;1.0899122807017543;
0.176;1.0857142857142856;
0.216;1.1146067415730336;
0.32;1.1694510739856803;
0.248;1.1350114416475972;
0.212;1.1121076233183858;
0.304;1.16548463356974;
0.328;1.1870503597122302;
0.408;1.2468513853904282;
0.38;1.2128712871287128;
0.316;1.180952380952381;
0.356;1.2024390243902439;
0.484;1.2989417989417988;
0.484;1.306878306878307;
0.472;1.2965879265091864;
0.588;1.3863636363636365;
0.528;1.340599455040872;
0.56;1.3676880222841226;
0.536;1.336986301369863;
0.544;1.3471074380165289;
0.56;1.3593314763231197;
0.528;1.332425068119891;
0.684;1.4695121951219512;
0.712;1.4782608695652173;
0.692;1.4447852760736197;
0.696;1.4831804281345566;
0.624;1.4052478134110786;
0.776;1.5672131147540984;
0.748;1.560897435897436;
0.768;1.5342019543973942;
0.756;1.5419354838709678;
0.784;1.5709570957095709;
0.952;1.7786259541984732;
0.704;1.4860681114551084;
0.796;1.6133333333333333;
0.9;1.530909090909091;
0.856;1.5719298245614035;
0.948;1.5305343511450382;
0.792;1.6079734219269104;
0.888;1.667870036101083;
0.956;1.7509578544061302;
1.084;1.791304347826087;
1.088;1.5065502183406114;
1.076;1.8583690987124464;
1.068;1.738197424892704;
1.108;2.054054054054054;
1.116;1.8272727272727274;
1.072;1.5811965811965811;
1.196;1.6650246305418719;
1.1;1.4933333333333334;
1.152;1.4976525821596245;
1.236;1.4948979591836735;
1.244;1.3865979381443299;
1.232;1.5477386934673367;
1.344;2.0;
1.264;1.7052631578947368;
1.42;1.6226415094339623;
1.32;1.5657142857142856;
1.336;1.686046511627907;
1.404;1.4662576687116564;
1.456;1.3557046979865772;
1.444;1.4166666666666667;
1.504;1.375;
1.504;1.6119402985074627;
1.488;1.3142857142857143;
1.524;1.5;
1.456;1.472972972972973;
1.656;1.4869565217391305;
1.692;1.2982456140350878;
1.536;1.3970588235294117;
1.604;1.2615384615384615;
1.6;1.373015873015873;
1.848;1.443298969072165;
1.724;1.3;
1.576;1.534351145038168;
1.672;1.4424778761061947;
1.592;1.3834586466165413;
1.716;1.2173913043478262;
1.78;1.233644859813084;
1.7;1.2782608695652173;
1.788;1.2365591397849462;
1.832;1.29;
1.824;1.3425925925925926;
1.872;1.3829787234042554;
2.024;1.3048780487804879;
1.948;1.202247191011236;
1.952;1.1518987341772151;
1.836;1.3434343434343434;
2.0;1.1604938271604939;
1.908;1.1518987341772151;
2.04;1.1341463414634145;
2.06;1.4027777777777777;
1.796;1.303030303030303;
2.02;1.3614457831325302;
1.888;1.5180722891566265;
2.028;1.2394366197183098;
2.092;1.0985915492957747;
2.348;1.1818181818181819;
2.048;1.3544303797468353;
2.168;1.1111111111111112;
2.164;1.2;
2.092;1.1944444444444444;
2.312;1.1166666666666667;
2.168;1.208955223880597;
2.224;1.3620689655172413;
2.252;1.3265306122448979;
2.232;1.1940298507462686;
2.02;1.2906976744186047;
2.128;1.2253521126760563;
2.468;1.1136363636363635;
2.272;1.1818181818181819;
2.296;1.096774193548387;
2.324;1.032258064516129;
2.448;1.1458333333333333;
2.516;1.0833333333333333;
2.352;1.0943396226415094;
2.468;1.12;
2.588;1.148936170212766;
2.432;1.1818181818181819;
2.548;1.1515151515151516;
2.652;1.1111111111111112;
2.744;1.069767441860465;
2.636;1.2195121951219512;
2.544;1.0681818181818181;
2.612;1.0566037735849056;
2.672;1.0857142857142856;
2.676;1.0975609756097562;
2.832;1.1081081081081081;
2.792;1.1515151515151516;
2.768;1.1081081081081081;
2.808;1.15625;
2.884;1.0857142857142856;
2.9;1.1428571428571428;
2.996;1.064516129032258;
2.924;1.0666666666666667;
2.74;1.2142857142857142;
2.992;1.0526315789473684;
2.956;1.1;
2.892;1.0588235294117647;
2.92;1.037037037037037;
2.884;1.1081081081081081;
3.024;1.1363636363636365;
2.964;1.1481481481481481;
3.172;1.0740740740740742;
3.248;1.1666666666666667;
3.144;1.0689655172413792;
3.432;1.0;
3.032;1.1;
3.04;1.08;
3.208;1.12;
3.32;1.0625;
3.3;1.0833333333333333;
3.064;1.08;
3.492;1.0;
3.088;1.1304347826086956;
3.52;1.0;
3.3;1.1666666666666667;
3.336;1.0625;
3.32;1.0952380952380953;
3.376;1.0434782608695652;
3.436;1.0;
3.672;1.0;
3.352;1.0555555555555556;
3.428;1.2857142857142858;
3.48;1.0;
3.376;1.0625;
3.388;1.16;
3.668;1.0;
3.476;1.0;
3.432;1.1111111111111112;
3.356;1.1;
3.428;1.1111111111111112;
3.692;1.0625;
3.584;1.0588235294117647;
3.896;1.0;
3.448;1.1818181818181819;
3.676;1.0;
3.616;1.0;
3.672;1.0;
3.892;1.0;
4.048;1.0;
3.792;1.0625;
3.708;1.0;
3.944;1.0;
3.996;1.0833333333333333;
3.916;1.125;
3.864;1.2222222222222223;
3.824;1.0909090909090908;
4.124;1.0714285714285714;
4.02;1.0588235294117647;
4.176;1.0;
0.004;1.0;
0.04;1.01840490797546;
0.024;1.0081135902636917;
0.08;1.0375782881002087;
0.064;1.0289855072463767;
0.108;1.0529661016949152;
0.092;1.0441176470588236;
0.14;1.0689655172413792;
0.196;1.1;
0.216;1.1123595505617978;
0.148;1.0757575757575757;
0.168;1.0853391684901532;
0.184;1.0949227373068433;
0.276;1.1511627906976745;
0.284;1.1565420560747663;
0.336;1.1927710843373494;
0.34;1.1932367149758454;
0.32;1.1813842482100239;
0.384;1.2208436724565757;
0.372;1.2167487684729064;
0.436;1.258974358974359;
0.404;1.2261306532663316;
0.412;1.2424242424242424;
0.464;1.279373368146214;
0.464;1.2741514360313315;
0.536;1.3415300546448088;
0.472;1.2860892388451444;
0.504;1.324396782841823;
0.576;1.3774647887323943;
0.62;1.4186046511627908;
0.628;1.3976608187134503;
0.612;1.3641618497109826;
0.608;1.414985590778098;
0.592;1.393162393162393;
0.608;1.4005763688760806;
0.712;1.5109034267912773;
0.788;1.576158940397351;
0.812;1.6385135135135136;
0.932;1.7406015037593985;
0.664;1.3502994011976048;
0.804;1.5785953177257526;
0.768;1.5830618892508144;
0.796;1.5966666666666667;
0.884;1.5519713261648747;
0.892;1.6750902527075813;
0.868;1.6170212765957446;
0.992;1.7509881422924902;
0.996;1.6215139442231075;
0.916;1.7407407407407407;
1.064;2.004291845493562;
1.012;1.91869918699187;
1.044;1.915966386554622;
1.064;1.982905982905983;
0.956;1.8192307692307692;
1.064;1.735042735042735;
1.148;1.6635514018691588;
1.076;1.6277056277056277;
1.084;1.8859649122807018;
1.18;1.8529411764705883;
1.196;1.50990099009901;
1.208;1.698019801980198;
1.084;1.817391304347826;
1.192;1.8855721393034826;
1.216;1.5555555555555556;
1.172;1.8028846153846154;
1.408;1.6209150326797386;
1.3;1.5714285714285714;
1.344;1.878787878787879;
1.384;1.6890243902439024;
1.456;1.8881118881118881;
1.372;1.6484848484848484;
1.328;1.6214689265536724;
1.424;2.1161290322580646;
1.476;1.355263157894737;
1.508;1.669064748201439;
1.472;1.5;
1.608;1.3658536585365855;
1.512;1.681159420289855;
1.508;1.4609929078014185;
1.66;1.5391304347826087;
1.58;1.4961832061068703;
1.532;1.565891472868217;
1.524;1.4710144927536233;
1.724;1.309090909090909;
1.624;1.2936507936507937;
1.692;1.2115384615384615;
1.692;1.5338983050847457;
1.712;1.5922330097087378;
1.728;1.3888888888888888;
1.744;1.3473684210526315;
1.924;1.2444444444444445;
1.86;1.3679245283018868;
1.852;1.2371134020618557;
1.844;1.36;
1.868;1.4022988505747127;
2.052;1.4;
1.884;1.3548387096774193;
1.948;1.4430379746835442;
2.048;1.15;
2.016;1.3243243243243243;
2.064;1.1791044776119404;
2.264;1.103448275862069;
1.972;1.3846153846153846;
1.976;1.3146067415730338;
2.092;1.1515151515151516;
2.12;1.2666666666666666;
2.268;1.152542372881356;
2.128;1.1515151515151516;
2.088;1.2537313432835822;
2.288;1.0634920634920635;
2.128;1.46875;
2.36;1.078125;
2.204;1.1355932203389831;
2.308;1.2291666666666667;
2.232;1.3;
2.216;1.1746031746031746;
2.46;1.2857142857142858;
2.4;1.1428571428571428;
2.196;1.4210526315789473;
2.392;1.152542372881356;
2.332;1.1372549019607843;
2.46;1.2641509433962264;
2.468;1.1346153846153846;
2.34;1.2545454545454546;
2.232;1.1607142857142858;
2.588;1.325;
2.744;1.2258064516129032;
2.488;1.1666666666666667;
2.608;1.2;
2.576;1.25;
2.42;1.1132075471698113;
2.488;1.0888888888888888;
2.628;1.1282051282051282;
2.62;1.1666666666666667;
2.644;1.119047619047619;
2.584;1.1666666666666667;
2.636;1.1041666666666667;
2.748;1.0909090909090908;
2.768;1.2058823529411764;
2.788;1.1578947368421053;
2.816;1.0769230769230769;
2.856;1.125;
2.768;1.1842105263157894;
2.972;1.1666666666666667;
2.544;1.1578947368421053;
3.04;1.0833333333333333;
2.844;1.0227272727272727;
2.848;1.103448275862069;
3.064;1.125;
2.836;1.25;
2.984;1.064516129032258;
2.96;1.0909090909090908;
3.044;1.0;
2.888;1.0;
2.952;1.2142857142857142;
3.028;1.1153846153846154;
3.192;1.0714285714285714;
3.284;1.0769230769230769;
3.12;1.1153846153846154;
3.052;1.1875;
2.988;1.1666666666666667;
3.36;1.0;
3.268;1.0;
3.52;1.0;
3.272;1.0625;
3.184;1.1851851851851851;
3.324;1.0;
3.528;1.25;
3.296;1.05;
3.288;1.2142857142857142;
3.18;1.0454545454545454;
3.308;1.125;
3.448;1.0;
3.38;1.0769230769230769;
3.656;1.0;
3.396;1.1333333333333333;
3.312;1.0625;
3.628;1.0;
3.596;1.2;
3.468;1.0;
3.4;1.0555555555555556;
3.788;1.1;
3.668;1.0;
3.46;1.0526315789473684;
3.856;1.0;
3.608;1.0769230769230769;
3.708;1.1428571428571428;
3.82;1.0714285714285714;
3.668;1.0;
3.896;1.0;
3.772;1.3076923076923077;
3.696;1.0;
3.932;1.0;
3.868;1.0;
3.888;1.2857142857142858;
4.02;1.2857142857142858;
4.2;1.125;
3.92;1.0;
4.072;1.3333333333333333;
3.888;1.0;
