0.0;0.002;
0.016;0.004;
0.04;0.004;
0.068;0.008;
0.112;0.006;
0.084;0.004;
0.108;0.008;
0.128;0.006;
0.148;0.008;
0.144;0.01;
0.192;0.006;
0.22;0.012;
0.256;0.008;
0.256;0.008;
0.284;0.01;
0.26;0.01;
0.288;0.014;
0.352;0.014;
0.352;0.012;
0.324;0.012;
0.452;0.014;
0.44;0.012;
0.524;0.018;
0.5;0.016;
0.484;0.02;
0.524;0.014;
0.492;0.022;
0.504;0.018;
0.66;0.024;
0.636;0.028;
0.508;0.022;
0.696;0.026;
0.64;0.024;
0.604;0.018;
0.732;0.04;
0.748;0.074;
0.668;0.022;
0.748;0.036;
0.772;0.032;
0.832;0.09;
0.776;0.034;
0.736;0.064;
0.748;0.03;
0.892;0.044;
0.732;0.032;
0.964;0.106;
0.916;0.036;
0.96;0.196;
0.888;0.072;
0.968;0.188;
0.952;0.048;
1.016;0.082;
0.924;0.168;
1.084;0.172;
1.028;0.104;
1.232;0.332;
1.184;0.402;
1.192;0.384;
1.172;0.2;
1.284;0.29;
1.236;0.128;
1.092;0.136;
1.264;0.314;
1.164;0.172;
1.32;0.324;
1.368;0.384;
1.264;0.276;
1.444;0.576;
1.364;0.506;
1.32;0.378;
1.432;0.552;
1.404;0.55;
1.44;0.5;
1.336;0.376;
1.524;0.572;
1.424;0.35;
1.556;0.624;
1.42;0.504;
1.616;0.622;
1.68;0.684;
1.464;0.56;
1.676;0.662;
1.68;0.698;
1.728;0.716;
1.844;0.758;
1.708;0.734;
1.692;0.686;
1.696;0.694;
1.78;0.74;
2.02;0.788;
1.96;0.788;
1.896;0.76;
1.796;0.728;
1.944;0.812;
1.84;0.764;
1.912;0.774;
1.968;0.796;
1.912;0.764;
1.88;0.782;
2.036;0.802;
2.18;0.846;
1.88;0.754;
2.044;0.814;
2.088;0.802;
2.16;0.848;
2.06;0.828;
2.176;0.828;
2.276;0.854;
2.22;0.85;
2.32;0.876;
2.22;0.836;
2.22;0.854;
2.308;0.848;
2.172;0.824;
2.32;0.862;
2.324;0.882;
2.3;0.852;
2.428;0.918;
2.164;0.836;
2.292;0.86;
2.364;0.89;
2.244;0.872;
2.296;0.846;
2.356;0.87;
2.38;0.868;
2.42;0.87;
2.488;0.892;
2.448;0.888;
2.452;0.878;
2.52;0.884;
2.564;0.886;
2.544;0.89;
2.476;0.89;
2.76;0.926;
2.828;0.932;
2.684;0.886;
2.904;0.924;
2.696;0.91;
2.724;0.924;
2.9;0.946;
2.716;0.92;
2.824;0.928;
2.996;0.944;
2.864;0.934;
3.0;0.95;
2.836;0.938;
2.84;0.924;
2.836;0.93;
2.936;0.934;
3.016;0.946;
2.976;0.922;
2.916;0.924;
3.072;0.93;
2.932;0.94;
3.024;0.946;
3.016;0.94;
3.2;0.966;
3.204;0.95;
2.896;0.93;
3.22;0.938;
3.212;0.966;
3.156;0.95;
3.292;0.944;
3.404;0.97;
3.128;0.946;
3.624;0.976;
3.372;0.962;
3.132;0.924;
3.228;0.94;
3.34;0.954;
3.368;0.962;
3.492;0.956;
3.396;0.96;
3.428;0.952;
3.532;0.978;
3.388;0.966;
3.576;0.976;
3.568;0.968;
3.672;0.978;
3.736;0.976;
3.564;0.966;
3.56;0.974;
3.652;0.968;
3.764;0.976;
3.608;0.982;
3.488;0.97;
3.776;0.976;
3.712;0.974;
3.764;0.976;
3.716;0.984;
3.54;0.974;
3.856;0.98;
3.82;0.98;
3.68;0.982;
3.968;0.982;
3.72;0.972;
3.828;0.964;
3.808;0.98;
4.04;0.984;
3.872;0.978;
0.008;0.004;
0.02;0.004;
0.032;0.004;
0.068;0.006;
0.076;0.006;
0.1;0.008;
0.108;0.006;
0.152;0.006;
0.176;0.008;
0.176;0.012;
0.14;0.008;
0.212;0.008;
0.268;0.008;
0.256;0.008;
0.344;0.012;
0.324;0.012;
0.356;0.016;
0.34;0.012;
0.312;0.01;
0.348;0.012;
0.42;0.014;
0.428;0.02;
0.408;0.014;
0.496;0.03;
0.508;0.014;
0.496;0.028;
0.48;0.018;
0.54;0.02;
0.468;0.012;
0.648;0.038;
0.628;0.018;
0.672;0.034;
0.612;0.02;
0.748;0.024;
0.612;0.02;
0.716;0.03;
0.852;0.028;
0.76;0.044;
0.796;0.046;
0.82;0.024;
0.784;0.022;
0.776;0.044;
0.828;0.04;
0.916;0.06;
0.82;0.038;
0.912;0.154;
0.884;0.084;
1.012;0.1;
0.976;0.086;
0.944;0.05;
1.004;0.112;
1.008;0.142;
1.068;0.106;
1.024;0.162;
1.0;0.134;
1.088;0.082;
1.212;0.418;
1.092;0.204;
1.144;0.25;
1.212;0.166;
1.192;0.308;
1.132;0.158;
1.208;0.32;
1.34;0.402;
1.384;0.42;
1.28;0.43;
1.432;0.532;
1.312;0.424;
1.452;0.576;
1.284;0.314;
1.444;0.564;
1.464;0.582;
1.404;0.552;
1.48;0.538;
1.584;0.634;
1.444;0.554;
1.572;0.668;
1.408;0.542;
1.612;0.646;
1.412;0.53;
1.616;0.65;
1.752;0.732;
1.676;0.702;
1.732;0.698;
1.568;0.656;
1.6;0.666;
1.644;0.692;
1.732;0.716;
1.796;0.712;
1.796;0.75;
1.696;0.71;
1.816;0.738;
2.0;0.794;
1.892;0.744;
1.764;0.702;
1.96;0.788;
1.968;0.806;
1.896;0.726;
1.984;0.764;
1.992;0.804;
1.944;0.742;
2.032;0.816;
2.116;0.836;
2.072;0.786;
2.168;0.82;
2.032;0.788;
2.184;0.856;
2.124;0.822;
2.104;0.852;
2.132;0.842;
2.164;0.85;
2.3;0.878;
2.312;0.862;
2.204;0.86;
2.316;0.862;
2.292;0.856;
2.176;0.838;
2.292;0.85;
2.352;0.882;
2.448;0.868;
2.348;0.87;
2.408;0.872;
2.46;0.864;
2.556;0.888;
2.264;0.87;
2.488;0.888;
2.576;0.896;
2.448;0.88;
2.52;0.906;
2.468;0.88;
2.624;0.914;
2.66;0.914;
2.616;0.908;
2.64;0.906;
2.748;0.926;
2.544;0.904;
2.568;0.942;
2.816;0.928;
2.816;0.932;
2.824;0.934;
2.8;0.934;
2.792;0.908;
2.748;0.918;
3.024;0.932;
2.812;0.94;
3.104;0.926;
3.048;0.948;
2.864;0.944;
3.016;0.942;
2.792;0.938;
2.968;0.944;
3.088;0.924;
2.96;0.936;
3.052;0.932;
3.064;0.95;
3.136;0.954;
3.18;0.952;
3.2;0.95;
3.388;0.962;
3.128;0.954;
3.196;0.952;
3.148;0.95;
3.372;0.958;
3.216;0.942;
3.508;0.952;
3.164;0.952;
3.3;0.954;
3.488;0.96;
3.404;0.964;
3.46;0.976;
3.352;0.964;
3.388;0.96;
3.264;0.954;
3.36;0.954;
3.328;0.954;
3.484;0.968;
3.532;0.96;
3.412;0.976;
3.468;0.962;
3.584;0.966;
3.78;0.968;
3.604;0.974;
3.496;0.972;
3.748;0.976;
3.64;0.972;
3.56;0.968;
3.556;0.96;
3.772;0.974;
3.896;0.978;
3.82;0.986;
3.832;0.976;
3.82;0.976;
3.912;0.98;
3.86;0.982;
3.752;0.98;
3.976;0.984;
4.012;0.968;
3.912;0.98;
3.84;0.978;
3.936;0.972;
0.004;0.004;
0.028;0.004;
0.072;0.006;
0.068;0.006;
0.076;0.006;
0.092;0.006;
0.088;0.006;
0.132;0.006;
0.232;0.008;
0.224;0.01;
0.192;0.008;
0.22;0.006;
0.256;0.014;
0.216;0.008;
0.312;0.012;
0.3;0.01;
0.316;0.01;
0.352;0.016;
0.352;0.014;
0.408;0.012;
0.316;0.01;
0.416;0.018;
0.44;0.01;
0.412;0.018;
0.548;0.016;
0.532;0.026;
0.488;0.016;
0.48;0.028;
0.604;0.016;
0.648;0.026;
0.592;0.016;
0.68;0.022;
0.572;0.024;
0.628;0.026;
0.644;0.026;
0.764;0.032;
0.724;0.028;
0.764;0.032;
0.732;0.032;
0.848;0.096;
0.744;0.024;
0.84;0.044;
0.92;0.05;
0.732;0.04;
0.832;0.046;
0.892;0.076;
0.952;0.054;
0.928;0.046;
0.94;0.048;
0.992;0.036;
1.036;0.158;
0.988;0.17;
1.088;0.128;
1.164;0.226;
1.072;0.128;
1.064;0.244;
1.012;0.054;
1.192;0.214;
1.26;0.368;
1.2;0.284;
1.1;0.226;
1.308;0.358;
1.204;0.152;
1.288;0.38;
1.308;0.372;
1.388;0.474;
1.332;0.514;
1.324;0.478;
1.308;0.432;
1.244;0.282;
1.448;0.53;
1.428;0.51;
1.48;0.56;
1.424;0.536;
1.224;0.264;
1.384;0.476;
1.52;0.582;
1.624;0.676;
1.408;0.474;
1.572;0.612;
1.524;0.57;
1.688;0.708;
1.496;0.544;
1.604;0.642;
1.764;0.738;
1.568;0.618;
1.772;0.67;
1.896;0.732;
1.8;0.786;
1.684;0.69;
1.816;0.734;
1.764;0.746;
1.78;0.722;
1.848;0.776;
2.012;0.784;
1.908;0.792;
1.88;0.782;
1.968;0.764;
1.804;0.75;
1.892;0.786;
1.98;0.798;
1.896;0.776;
2.1;0.808;
2.1;0.816;
1.952;0.82;
2.16;0.874;
2.1;0.814;
1.928;0.752;
2.156;0.842;
2.216;0.848;
2.14;0.828;
2.152;0.838;
2.28;0.822;
2.204;0.852;
2.352;0.868;
2.432;0.898;
1.972;0.778;
2.328;0.864;
2.34;0.892;
2.5;0.912;
2.452;0.868;
2.284;0.876;
2.488;0.926;
2.48;0.882;
2.564;0.918;
2.536;0.91;
2.484;0.908;
2.576;0.904;
2.488;0.9;
2.82;0.92;
2.48;0.894;
2.604;0.92;
2.648;0.888;
2.632;0.924;
2.56;0.904;
2.652;0.92;
2.96;0.94;
2.624;0.92;
2.688;0.9;
2.888;0.942;
2.668;0.92;
2.852;0.916;
3.06;0.944;
2.784;0.908;
2.948;0.944;
2.972;0.942;
3.036;0.942;
3.004;0.938;
3.032;0.96;
2.936;0.938;
2.98;0.94;
3.028;0.956;
3.028;0.9;
3.132;0.952;
3.104;0.938;
3.316;0.966;
3.008;0.922;
3.264;0.948;
2.972;0.938;
3.236;0.962;
3.4;0.964;
3.448;0.954;
3.408;0.964;
3.296;0.966;
3.3;0.956;
3.22;0.964;
3.472;0.966;
3.284;0.952;
3.192;0.956;
3.324;0.972;
3.36;0.958;
3.344;0.97;
3.2;0.96;
3.456;0.958;
3.032;0.948;
3.568;0.956;
3.632;0.978;
3.66;0.968;
3.46;0.964;
3.372;0.946;
3.66;0.97;
3.672;0.972;
3.544;0.958;
3.624;0.96;
3.748;0.982;
3.824;0.976;
3.708;0.974;
3.936;0.98;
3.756;0.97;
3.8;0.974;
3.748;0.976;
3.768;0.966;
4.108;0.982;
4.004;0.992;
4.012;0.988;
3.876;0.978;
3.804;0.976;
3.916;0.978;
3.996;0.982;
3.868;0.978;
0.004;0.004;
0.024;0.004;
0.052;0.006;
0.072;0.004;
0.076;0.008;
0.088;0.006;
0.128;0.006;
0.132;0.006;
0.156;0.006;
0.212;0.008;
0.168;0.006;
0.228;0.008;
0.268;0.012;
0.308;0.01;
0.292;0.01;
0.296;0.018;
0.332;0.008;
0.328;0.01;
0.368;0.014;
0.432;0.014;
0.436;0.01;
0.42;0.018;
0.416;0.016;
0.456;0.022;
0.484;0.02;
0.512;0.026;
0.564;0.034;
0.568;0.03;
0.58;0.02;
0.648;0.022;
0.584;0.02;
0.62;0.03;
0.672;0.054;
0.648;0.04;
0.688;0.034;
0.624;0.046;
0.708;0.042;
0.72;0.034;
0.828;0.078;
0.812;0.076;
0.768;0.04;
0.868;0.038;
0.804;0.046;
0.976;0.056;
0.864;0.066;
0.756;0.056;
0.896;0.048;
0.868;0.042;
0.952;0.084;
1.004;0.106;
1.052;0.154;
1.176;0.252;
1.028;0.05;
1.116;0.226;
1.032;0.114;
1.0;0.158;
1.132;0.21;
1.096;0.216;
1.176;0.2;
1.112;0.132;
1.268;0.38;
1.104;0.084;
1.196;0.346;
1.164;0.326;
1.204;0.304;
1.224;0.306;
1.26;0.4;
1.464;0.55;
1.324;0.398;
1.308;0.418;
1.328;0.422;
1.4;0.436;
1.464;0.6;
1.516;0.63;
1.456;0.558;
1.68;0.646;
1.552;0.582;
1.536;0.608;
1.628;0.618;
1.664;0.67;
1.688;0.69;
1.428;0.328;
1.648;0.68;
1.656;0.664;
1.748;0.714;
1.676;0.678;
1.768;0.72;
1.868;0.742;
1.708;0.688;
1.888;0.762;
1.752;0.742;
1.86;0.742;
1.664;0.71;
1.912;0.792;
1.78;0.732;
2.048;0.802;
1.968;0.746;
2.048;0.806;
2.032;0.794;
2.012;0.786;
1.896;0.79;
2.112;0.806;
1.996;0.774;
2.044;0.828;
2.02;0.782;
2.068;0.804;
2.0;0.808;
2.092;0.794;
2.172;0.82;
2.296;0.864;
2.072;0.812;
2.256;0.868;
2.272;0.874;
2.196;0.852;
2.32;0.85;
2.296;0.862;
2.372;0.888;
2.424;0.852;
2.508;0.888;
2.296;0.846;
2.512;0.886;
2.448;0.874;
2.5;0.912;
2.576;0.902;
2.532;0.898;
2.504;0.918;
2.532;0.884;
2.5;0.9;
2.548;0.868;
2.612;0.904;
2.716;0.926;
2.684;0.918;
2.668;0.914;
2.872;0.924;
2.6;0.916;
2.584;0.908;
2.732;0.926;
2.832;0.946;
2.688;0.912;
2.728;0.934;
2.9;0.934;
2.732;0.936;
2.864;0.954;
2.82;0.94;
3.056;0.94;
2.896;0.964;
2.92;0.93;
2.88;0.932;
2.932;0.95;
2.928;0.946;
2.92;0.926;
2.956;0.94;
2.952;0.948;
3.036;0.954;
3.096;0.956;
3.232;0.958;
2.896;0.914;
2.988;0.954;
3.248;0.962;
3.156;0.962;
3.184;0.944;
3.276;0.976;
3.156;0.946;
3.244;0.95;
3.372;0.954;
3.32;0.964;
3.304;0.956;
3.368;0.958;
3.248;0.954;
3.332;0.958;
3.352;0.966;
3.38;0.958;
3.304;0.974;
3.372;0.962;
3.612;0.962;
3.512;0.978;
3.444;0.962;
3.512;0.97;
3.444;0.962;
3.636;0.982;
3.756;0.988;
3.54;0.978;
3.496;0.958;
3.972;0.988;
3.656;0.964;
3.872;0.984;
3.96;0.984;
3.724;0.99;
3.768;0.98;
3.696;0.958;
3.876;0.976;
3.68;0.96;
3.568;0.97;
3.864;0.968;
4.068;0.98;
3.872;0.982;
3.832;0.974;
4.032;0.978;
4.028;0.98;
3.912;0.984;
0.004;0.004;
0.012;0.004;
0.044;0.006;
0.072;0.006;
0.092;0.006;
0.088;0.004;
0.116;0.006;
0.16;0.006;
0.192;0.01;
0.232;0.012;
0.208;0.008;
0.2;0.01;
0.256;0.01;
0.3;0.008;
0.304;0.01;
0.304;0.014;
0.368;0.014;
0.296;0.016;
0.376;0.012;
0.4;0.014;
0.424;0.018;
0.456;0.012;
0.404;0.018;
0.492;0.012;
0.492;0.012;
0.508;0.026;
0.592;0.032;
0.52;0.018;
0.596;0.02;
0.64;0.058;
0.66;0.038;
0.636;0.028;
0.692;0.032;
0.664;0.038;
0.62;0.028;
0.668;0.028;
0.784;0.046;
0.812;0.066;
0.808;0.032;
0.8;0.056;
0.876;0.202;
0.824;0.044;
0.892;0.07;
0.832;0.03;
0.864;0.038;
0.928;0.2;
0.872;0.068;
1.028;0.066;
0.988;0.152;
0.936;0.172;
0.964;0.106;
1.04;0.14;
1.036;0.142;
1.144;0.404;
1.12;0.11;
1.02;0.098;
1.112;0.106;
1.184;0.298;
1.208;0.344;
1.188;0.106;
1.224;0.39;
1.26;0.404;
1.208;0.296;
1.148;0.31;
1.348;0.51;
1.132;0.234;
1.436;0.522;
1.316;0.52;
1.232;0.332;
1.396;0.456;
1.316;0.456;
1.392;0.56;
1.416;0.538;
1.432;0.474;
1.456;0.612;
1.372;0.53;
1.56;0.628;
1.396;0.496;
1.62;0.654;
1.636;0.676;
1.644;0.676;
1.688;0.66;
1.824;0.726;
1.564;0.64;
1.652;0.658;
1.608;0.676;
1.716;0.704;
1.528;0.598;
1.844;0.724;
1.796;0.72;
1.696;0.676;
1.96;0.744;
1.696;0.706;
1.996;0.772;
1.948;0.778;
1.976;0.768;
1.948;0.784;
1.848;0.74;
1.94;0.79;
1.932;0.76;
2.016;0.796;
1.948;0.812;
1.976;0.798;
2.088;0.834;
1.992;0.79;
2.116;0.844;
2.024;0.764;
2.104;0.85;
2.188;0.864;
2.224;0.868;
2.24;0.848;
2.244;0.844;
2.264;0.878;
2.22;0.86;
2.192;0.854;
2.412;0.884;
2.2;0.852;
2.176;0.846;
2.324;0.874;
2.388;0.894;
2.424;0.886;
2.312;0.858;
2.488;0.876;
2.404;0.886;
2.332;0.858;
2.504;0.9;
2.444;0.896;
2.472;0.886;
2.604;0.918;
2.396;0.862;
2.668;0.928;
2.616;0.928;
2.832;0.918;
2.752;0.93;
2.512;0.916;
2.788;0.906;
2.588;0.91;
2.788;0.896;
2.8;0.938;
2.756;0.912;
2.736;0.93;
2.94;0.944;
2.812;0.908;
2.86;0.95;
2.832;0.91;
2.9;0.918;
2.948;0.946;
2.936;0.95;
2.768;0.926;
2.964;0.934;
2.86;0.928;
2.888;0.938;
2.936;0.944;
2.956;0.956;
3.036;0.938;
3.04;0.936;
2.96;0.932;
3.12;0.956;
3.252;0.96;
3.112;0.944;
3.144;0.958;
3.348;0.946;
3.368;0.972;
3.3;0.954;
3.372;0.964;
3.208;0.958;
3.364;0.95;
3.332;0.962;
3.36;0.964;
3.264;0.938;
3.36;0.958;
3.536;0.974;
3.544;0.97;
3.444;0.978;
3.676;0.972;
3.548;0.974;
3.52;0.954;
3.56;0.972;
3.584;0.96;
3.6;0.958;
3.592;0.954;
3.764;0.982;
3.58;0.97;
3.576;0.97;
3.532;0.974;
3.756;0.962;
3.76;0.976;
3.596;0.97;
3.94;0.976;
3.54;0.968;
3.86;0.976;
3.912;0.966;
3.928;0.99;
3.904;0.992;
3.912;0.98;
4.052;0.978;
4.056;0.986;
3.764;0.972;
3.96;0.976;
4.004;0.98;
0.008;0.004;
0.024;0.004;
0.04;0.004;
0.08;0.008;
0.064;0.004;
0.084;0.006;
0.088;0.004;
0.164;0.006;
0.188;0.01;
0.172;0.01;
0.228;0.01;
0.148;0.008;
0.272;0.01;
0.24;0.008;
0.272;0.012;
0.296;0.014;
0.352;0.012;
0.42;0.016;
0.324;0.012;
0.44;0.018;
0.396;0.01;
0.448;0.012;
0.36;0.022;
0.44;0.016;
0.46;0.016;
0.564;0.04;
0.46;0.018;
0.56;0.042;
0.608;0.016;
0.704;0.042;
0.572;0.048;
0.644;0.014;
0.636;0.02;
0.656;0.024;
0.772;0.046;
0.752;0.042;
0.74;0.034;
0.652;0.016;
0.76;0.03;
0.792;0.056;
0.812;0.056;
0.804;0.038;
0.72;0.042;
0.892;0.1;
0.992;0.096;
0.772;0.022;
0.916;0.058;
0.956;0.082;
0.976;0.112;
1.024;0.082;
0.96;0.08;
0.952;0.11;
1.052;0.058;
1.152;0.278;
1.056;0.174;
1.156;0.194;
1.092;0.196;
1.076;0.096;
1.184;0.176;
1.14;0.146;
1.144;0.182;
1.284;0.46;
1.16;0.096;
1.168;0.324;
1.296;0.518;
1.224;0.276;
1.196;0.284;
1.28;0.412;
1.432;0.536;
1.264;0.416;
1.512;0.624;
1.396;0.514;
1.596;0.638;
1.408;0.502;
1.288;0.388;
1.272;0.356;
1.496;0.552;
1.492;0.608;
1.628;0.68;
1.516;0.646;
1.64;0.66;
1.628;0.62;
1.58;0.616;
1.744;0.744;
1.48;0.552;
1.72;0.702;
1.552;0.626;
1.7;0.654;
1.708;0.728;
1.82;0.754;
1.812;0.718;
1.856;0.736;
1.752;0.716;
1.864;0.746;
1.808;0.752;
1.892;0.758;
1.936;0.79;
1.904;0.75;
1.848;0.754;
1.944;0.786;
2.068;0.828;
2.0;0.802;
1.948;0.762;
2.0;0.77;
2.092;0.816;
2.204;0.828;
2.272;0.858;
2.216;0.854;
2.108;0.832;
2.18;0.832;
2.06;0.806;
2.116;0.832;
2.336;0.878;
2.216;0.842;
2.372;0.894;
2.328;0.864;
2.324;0.872;
2.444;0.88;
2.208;0.868;
2.396;0.9;
2.456;0.902;
2.328;0.862;
2.288;0.876;
2.504;0.884;
2.648;0.916;
2.512;0.87;
2.444;0.884;
2.508;0.9;
2.548;0.902;
2.52;0.898;
2.668;0.912;
2.576;0.894;
2.596;0.912;
2.832;0.922;
2.716;0.914;
2.556;0.912;
2.72;0.914;
2.824;0.926;
2.924;0.938;
2.716;0.912;
2.892;0.942;
2.688;0.91;
3.012;0.946;
2.78;0.942;
3.168;0.95;
2.948;0.954;
2.948;0.94;
3.18;0.944;
3.104;0.946;
2.996;0.938;
2.976;0.948;
3.036;0.924;
2.936;0.926;
3.056;0.954;
3.284;0.964;
2.836;0.924;
3.156;0.952;
3.136;0.95;
3.128;0.952;
3.304;0.952;
3.256;0.972;
3.14;0.93;
3.348;0.95;
3.34;0.948;
3.316;0.962;
3.256;0.956;
3.288;0.956;
3.22;0.938;
3.316;0.966;
3.396;0.97;
3.38;0.966;
3.54;0.962;
3.312;0.962;
3.816;0.962;
3.524;0.966;
3.56;0.966;
3.648;0.984;
3.672;0.972;
3.444;0.964;
3.528;0.962;
3.652;0.986;
3.52;0.974;
3.788;0.974;
3.768;0.972;
3.876;0.982;
3.74;0.976;
3.852;0.978;
3.44;0.962;
3.56;0.972;
3.772;0.97;
3.776;0.972;
3.764;0.974;
3.86;0.988;
3.864;0.976;
3.808;0.97;
3.76;0.99;
3.848;0.966;
4.056;0.988;
3.876;0.98;
4.0;0.988;
0.008;0.004;
0.02;0.004;
0.028;0.004;
0.06;0.004;
0.124;0.006;
0.148;0.008;
0.128;0.008;
0.128;0.006;
0.184;0.006;
0.172;0.01;
0.176;0.008;
0.232;0.014;
0.256;0.01;
0.292;0.01;
0.316;0.01;
0.228;0.008;
0.348;0.016;
0.348;0.008;
0.36;0.012;
0.348;0.012;
0.384;0.018;
0.38;0.02;
0.408;0.014;
0.468;0.016;
0.496;0.02;
0.604;0.022;
0.48;0.02;
0.576;0.026;
0.552;0.026;
0.512;0.04;
0.632;0.02;
0.576;0.022;
0.62;0.022;
0.66;0.026;
0.732;0.032;
0.732;0.042;
0.732;0.06;
0.784;0.032;
0.876;0.048;
0.808;0.038;
0.8;0.03;
0.828;0.066;
0.836;0.05;
0.864;0.03;
0.928;0.07;
0.972;0.038;
0.96;0.178;
0.932;0.11;
0.888;0.044;
0.928;0.074;
0.964;0.166;
1.104;0.206;
1.152;0.148;
0.948;0.118;
1.032;0.256;
1.056;0.244;
1.184;0.306;
1.196;0.276;
1.148;0.332;
1.132;0.18;
1.2;0.286;
1.192;0.264;
1.332;0.44;
1.272;0.326;
1.28;0.428;
1.248;0.15;
1.336;0.446;
1.324;0.448;
1.356;0.46;
1.296;0.25;
1.432;0.594;
1.344;0.404;
1.492;0.594;
1.5;0.618;
1.468;0.564;
1.38;0.446;
1.34;0.484;
1.664;0.686;
1.528;0.584;
1.604;0.616;
1.68;0.672;
1.724;0.688;
1.588;0.614;
1.936;0.798;
1.82;0.728;
1.82;0.728;
1.788;0.704;
1.668;0.702;
1.68;0.616;
1.704;0.68;
1.836;0.734;
1.936;0.766;
1.824;0.722;
1.816;0.714;
1.916;0.752;
1.928;0.79;
2.048;0.81;
1.94;0.792;
1.872;0.746;
2.12;0.82;
2.036;0.822;
1.956;0.776;
2.104;0.822;
2.004;0.812;
1.972;0.794;
2.068;0.852;
2.112;0.838;
2.036;0.808;
2.12;0.836;
2.116;0.82;
2.436;0.856;
2.1;0.82;
2.06;0.814;
2.296;0.864;
2.356;0.864;
2.384;0.872;
2.308;0.876;
2.56;0.914;
2.328;0.876;
2.456;0.88;
2.268;0.856;
2.68;0.936;
2.444;0.868;
2.584;0.914;
2.392;0.868;
2.372;0.882;
2.484;0.894;
2.364;0.824;
2.808;0.906;
2.532;0.916;
2.624;0.904;
2.352;0.872;
2.82;0.926;
2.788;0.916;
2.652;0.918;
2.436;0.896;
2.692;0.882;
2.756;0.92;
2.996;0.95;
2.772;0.912;
2.528;0.898;
2.74;0.906;
2.844;0.946;
2.848;0.926;
2.792;0.922;
3.048;0.932;
2.712;0.93;
3.036;0.934;
3.048;0.934;
2.86;0.95;
2.828;0.934;
2.972;0.94;
2.852;0.944;
3.172;0.946;
2.888;0.918;
2.968;0.92;
3.028;0.932;
2.952;0.938;
3.14;0.96;
3.088;0.948;
3.02;0.948;
3.336;0.964;
3.22;0.958;
3.176;0.966;
3.292;0.96;
3.344;0.956;
3.376;0.954;
3.388;0.964;
3.296;0.95;
3.504;0.974;
3.244;0.96;
3.448;0.966;
3.224;0.976;
3.472;0.984;
3.544;0.976;
3.356;0.97;
3.496;0.956;
3.488;0.97;
3.44;0.972;
3.396;0.96;
3.552;0.96;
3.72;0.984;
3.568;0.976;
3.812;0.982;
3.708;0.984;
3.328;0.966;
3.708;0.974;
3.808;0.98;
3.792;0.97;
3.768;0.982;
3.672;0.962;
3.832;0.984;
3.768;0.978;
3.656;0.978;
3.86;0.986;
4.032;0.984;
3.788;0.978;
4.02;0.984;
4.016;0.98;
4.124;0.99;
0.008;0.004;
0.012;0.004;
0.04;0.004;
0.08;0.006;
0.052;0.006;
0.096;0.008;
0.092;0.008;
0.148;0.008;
0.148;0.006;
0.148;0.006;
0.204;0.008;
0.24;0.012;
0.228;0.008;
0.236;0.01;
0.308;0.012;
0.352;0.01;
0.36;0.012;
0.26;0.01;
0.416;0.012;
0.372;0.012;
0.408;0.016;
0.38;0.014;
0.4;0.012;
0.424;0.028;
0.504;0.022;
0.404;0.014;
0.556;0.036;
0.588;0.024;
0.552;0.018;
0.568;0.028;
0.508;0.028;
0.612;0.024;
0.692;0.02;
0.64;0.026;
0.64;0.026;
0.664;0.036;
0.684;0.024;
0.744;0.032;
0.696;0.022;
0.848;0.096;
0.784;0.056;
0.876;0.034;
0.76;0.036;
0.924;0.058;
0.0;0.002;
0.028;0.006;
0.044;0.004;
0.056;0.006;
0.128;0.006;
0.076;0.01;
0.14;0.006;
0.12;0.012;
0.168;0.008;
0.144;0.006;
0.224;0.008;
0.28;0.016;
0.252;0.01;
0.312;0.008;
0.296;0.012;
0.348;0.014;
0.36;0.012;
0.368;0.016;
0.412;0.016;
0.364;0.01;
0.416;0.016;
0.356;0.01;
0.44;0.016;
0.516;0.016;
0.44;0.034;
0.512;0.016;
0.444;0.02;
0.46;0.012;
0.548;0.018;
0.616;0.024;
0.564;0.014;
0.588;0.024;
0.552;0.024;
0.692;0.044;
0.692;0.08;
0.62;0.024;
0.696;0.038;
0.728;0.062;
0.8;0.034;
0.876;0.04;
0.744;0.076;
0.72;0.022;
0.86;0.058;
0.9;0.076;
0.988;0.132;
0.884;0.038;
0.836;0.078;
0.924;0.092;
0.944;0.116;
0.908;0.066;
1.036;0.066;
1.02;0.09;
1.068;0.188;
1.024;0.126;
1.096;0.158;
1.184;0.206;
1.232;0.358;
1.18;0.272;
1.14;0.262;
1.18;0.166;
1.164;0.274;
1.236;0.316;
1.212;0.334;
1.256;0.334;
1.368;0.502;
1.216;0.25;
1.296;0.398;
1.336;0.418;
1.484;0.588;
1.42;0.538;
1.452;0.538;
1.368;0.428;
1.444;0.546;
1.552;0.636;
1.516;0.642;
1.5;0.596;
1.52;0.53;
1.476;0.558;
1.524;0.604;
1.464;0.536;
1.584;0.62;
1.684;0.716;
1.624;0.654;
1.66;0.678;
1.536;0.61;
1.68;0.69;
1.616;0.668;
1.78;0.742;
1.828;0.756;
1.916;0.74;
1.804;0.704;
1.864;0.74;
1.86;0.78;
1.844;0.716;
1.888;0.808;
2.024;0.814;
2.028;0.804;
1.848;0.742;
1.824;0.756;
2.036;0.826;
1.924;0.792;
2.016;0.798;
2.044;0.796;
2.192;0.844;
2.148;0.874;
2.108;0.86;
2.18;0.852;
2.148;0.812;
2.232;0.834;
2.18;0.81;
2.212;0.854;
2.304;0.85;
2.188;0.852;
2.3;0.86;
2.528;0.91;
2.312;0.848;
2.392;0.888;
2.324;0.876;
2.392;0.886;
2.492;0.904;
2.376;0.854;
2.4;0.85;
2.576;0.912;
2.448;0.898;
2.38;0.87;
2.448;0.916;
2.516;0.896;
2.556;0.906;
2.416;0.88;
2.676;0.932;
2.504;0.91;
2.608;0.908;
2.644;0.91;
2.744;0.928;
2.688;0.92;
2.604;0.93;
2.696;0.92;
2.624;0.894;
2.716;0.92;
2.792;0.93;
2.928;0.944;
2.828;0.926;
2.78;0.928;
2.716;0.93;
2.876;0.932;
2.952;0.926;
2.88;0.944;
3.08;0.954;
2.884;0.908;
3.04;0.938;
3.02;0.946;
2.964;0.952;
2.888;0.948;
2.828;0.918;
3.068;0.96;
3.036;0.956;
3.032;0.934;
3.1;0.946;
3.208;0.964;
3.3;0.958;
3.156;0.948;
3.264;0.958;
3.064;0.94;
3.036;0.938;
3.216;0.954;
3.544;0.956;
3.328;0.96;
3.364;0.96;
3.204;0.95;
3.5;0.97;
3.208;0.956;
3.628;0.972;
3.368;0.956;
3.42;0.97;
3.412;0.968;
3.376;0.958;
3.404;0.962;
3.636;0.964;
3.368;0.95;
3.564;0.956;
3.744;0.97;
3.584;0.968;
3.492;0.966;
3.676;0.976;
3.728;0.978;
3.7;0.964;
3.436;0.956;
3.732;0.968;
3.82;0.97;
3.7;0.968;
3.68;0.974;
3.836;0.982;
3.832;0.982;
3.796;0.964;
3.844;0.988;
3.828;0.972;
4.052;0.984;
3.856;0.968;
3.876;0.984;
3.98;0.976;
0.004;0.004;
0.004;0.004;
0.044;0.004;
0.048;0.004;
0.076;0.006;
0.072;0.006;
0.16;0.006;
0.176;0.01;
0.168;0.008;
0.22;0.01;
0.196;0.008;
0.16;0.006;
0.296;0.008;
0.252;0.01;
0.284;0.008;
0.356;0.022;
0.36;0.014;
0.396;0.01;
0.4;0.01;
0.364;0.014;
0.44;0.028;
0.44;0.018;
0.38;0.01;
0.592;0.018;
0.488;0.012;
0.532;0.042;
0.5;0.016;
0.64;0.022;
0.56;0.022;
0.552;0.022;
0.56;0.02;
0.652;0.022;
0.6;0.024;
0.664;0.03;
0.708;0.042;
0.744;0.068;
0.788;0.026;
0.768;0.022;
0.692;0.032;
0.792;0.066;
0.764;0.058;
0.756;0.038;
0.792;0.032;
0.96;0.08;
0.968;0.036;
0.972;0.156;
1.004;0.072;
0.908;0.132;
1.008;0.16;
0.964;0.054;
0.984;0.05;
1.008;0.184;
1.14;0.254;
1.064;0.124;
1.092;0.078;
1.064;0.218;
1.2;0.256;
1.092;0.114;
1.196;0.402;
1.184;0.138;
1.268;0.182;
1.356;0.524;
1.244;0.334;
1.248;0.422;
1.328;0.544;
1.328;0.382;
1.408;0.512;
1.428;0.454;
1.428;0.5;
1.332;0.464;
1.516;0.568;
1.384;0.494;
1.46;0.554;
1.556;0.636;
1.58;0.66;
1.504;0.556;
1.412;0.458;
1.532;0.606;
1.496;0.594;
1.476;0.582;
1.528;0.612;
1.712;0.672;
1.628;0.642;
1.568;0.628;
1.6;0.638;
1.696;0.698;
1.72;0.724;
1.664;0.694;
1.716;0.692;
1.752;0.696;
1.924;0.778;
1.828;0.762;
2.008;0.846;
1.904;0.782;
1.88;0.75;
1.864;0.766;
1.768;0.722;
1.964;0.794;
2.052;0.81;
2.004;0.794;
1.996;0.78;
2.068;0.83;
2.136;0.848;
2.248;0.824;
1.992;0.788;
2.224;0.864;
2.12;0.8;
2.248;0.866;
2.216;0.866;
2.224;0.848;
2.168;0.862;
2.264;0.86;
2.304;0.882;
2.26;0.838;
2.312;0.866;
2.204;0.866;
2.328;0.862;
2.38;0.9;
2.216;0.842;
2.252;0.868;
2.348;0.876;
2.568;0.904;
2.504;0.9;
2.56;0.912;
2.5;0.9;
2.576;0.908;
2.576;0.91;
2.604;0.896;
2.56;0.886;
2.54;0.888;
2.68;0.928;
2.676;0.92;
2.58;0.91;
2.676;0.89;
2.768;0.934;
2.7;0.916;
2.728;0.93;
2.764;0.922;
2.672;0.912;
2.696;0.918;
2.676;0.894;
2.8;0.916;
2.908;0.934;
2.904;0.938;
2.784;0.92;
2.848;0.946;
2.94;0.92;
2.936;0.918;
2.932;0.958;
2.912;0.926;
2.84;0.928;
3.024;0.938;
2.916;0.932;
3.08;0.932;
3.024;0.95;
3.04;0.94;
3.14;0.946;
3.16;0.946;
3.152;0.956;
3.08;0.938;
3.028;0.952;
3.136;0.95;
3.192;0.95;
3.168;0.948;
3.216;0.962;
3.276;0.962;
3.448;0.96;
3.252;0.974;
3.28;0.958;
3.56;0.966;
3.572;0.968;
3.424;0.968;
3.52;0.978;
3.688;0.976;
3.44;0.964;
3.5;0.976;
3.44;0.966;
3.68;0.97;
3.668;0.978;
3.608;0.966;
3.656;0.982;
3.504;0.956;
3.604;0.97;
3.476;0.964;
3.62;0.972;
3.908;0.976;
3.912;0.986;
3.688;0.986;
3.756;0.964;
3.708;0.972;
3.892;0.994;
3.816;0.982;
3.812;0.976;
3.892;0.984;
3.828;0.986;
3.908;0.99;
3.936;0.984;
3.708;0.972;
3.896;0.98;
3.916;0.982;
0.0;0.002;
0.032;0.004;
0.04;0.004;
0.052;0.006;
0.096;0.006;
0.132;0.008;
0.112;0.006;
0.156;0.008;
0.156;0.006;
0.176;0.008;
0.168;0.006;
0.248;0.008;
0.276;0.01;
0.292;0.01;
0.32;0.01;
0.352;0.008;
0.34;0.016;
0.344;0.012;
0.408;0.01;
0.404;0.014;
0.392;0.014;
0.5;0.02;
0.464;0.014;
0.436;0.016;
0.52;0.02;
0.552;0.02;
0.56;0.018;
0.56;0.016;
0.516;0.014;
0.552;0.03;
0.684;0.024;
0.552;0.02;
0.592;0.018;
0.696;0.072;
0.636;0.022;
0.74;0.034;
0.78;0.052;
0.736;0.048;
0.72;0.024;
0.756;0.028;
0.788;0.058;
0.792;0.042;
0.904;0.138;
0.864;0.03;
0.908;0.042;
0.904;0.086;
0.952;0.048;
0.984;0.078;
1.14;0.09;
1.016;0.096;
0.96;0.064;
1.056;0.186;
0.976;0.158;
0.956;0.148;
1.088;0.124;
1.18;0.328;
1.048;0.152;
1.204;0.352;
1.168;0.366;
1.264;0.28;
1.168;0.396;
1.06;0.238;
1.26;0.458;
1.34;0.53;
1.34;0.444;
1.212;0.114;
1.344;0.436;
1.384;0.524;
1.42;0.532;
1.328;0.454;
1.42;0.546;
1.492;0.604;
1.3;0.446;
1.56;0.648;
1.572;0.632;
1.524;0.622;
1.656;0.644;
1.468;0.606;
1.528;0.634;
1.568;0.64;
1.676;0.684;
1.652;0.66;
1.644;0.642;
1.716;0.704;
1.764;0.756;
1.716;0.718;
1.832;0.76;
1.672;0.688;
1.756;0.686;
1.788;0.72;
1.82;0.714;
1.876;0.802;
1.86;0.774;
1.94;0.762;
1.804;0.77;
2.152;0.822;
1.996;0.806;
1.996;0.774;
1.904;0.762;
2.028;0.8;
2.084;0.82;
2.148;0.844;
2.008;0.764;
1.98;0.798;
2.224;0.852;
2.08;0.782;
2.22;0.844;
2.128;0.838;
2.164;0.846;
2.232;0.826;
2.176;0.862;
2.16;0.838;
2.22;0.85;
2.352;0.89;
2.172;0.844;
2.2;0.81;
2.212;0.842;
2.396;0.884;
2.344;0.882;
2.432;0.892;
2.304;0.878;
2.312;0.868;
2.46;0.894;
2.392;0.884;
2.404;0.89;
2.416;0.886;
2.496;0.88;
2.292;0.844;
2.328;0.87;
2.58;0.916;
2.46;0.89;
2.716;0.902;
2.668;0.908;
2.756;0.916;
2.752;0.914;
2.712;0.934;
2.632;0.908;
2.94;0.954;
2.756;0.92;
2.884;0.918;
2.956;0.914;
2.908;0.928;
2.78;0.94;
2.764;0.924;
3.088;0.94;
3.08;0.94;
2.812;0.93;
3.2;0.952;
2.88;0.934;
2.928;0.946;
2.816;0.932;
3.032;0.946;
3.18;0.96;
3.232;0.968;
2.928;0.942;
3.064;0.946;
3.096;0.954;
3.196;0.974;
3.236;0.942;
3.304;0.946;
3.292;0.956;
3.16;0.956;
3.068;0.946;
3.156;0.956;
3.268;0.968;
3.264;0.964;
3.288;0.964;
3.34;0.958;
3.34;0.948;
3.452;0.962;
3.28;0.94;
3.5;0.974;
3.356;0.954;
3.408;0.968;
3.584;0.958;
3.52;0.97;
3.496;0.97;
3.296;0.968;
3.528;0.968;
3.504;0.96;
3.564;0.968;
3.824;0.976;
3.516;0.956;
3.704;0.968;
3.54;0.974;
3.712;0.974;
3.784;0.966;
3.788;0.97;
3.968;0.984;
3.616;0.982;
3.744;0.972;
3.82;0.968;
3.9;0.97;
3.98;0.988;
3.936;0.958;
3.916;0.974;
4.0;0.98;
3.832;0.978;
3.976;0.982;
3.94;0.99;
0.008;0.004;
0.028;0.004;
0.028;0.004;
0.06;0.004;
0.08;0.006;
0.08;0.006;
0.124;0.008;
0.136;0.008;
0.152;0.008;
0.2;0.006;
0.212;0.008;
0.2;0.008;
0.228;0.008;
0.316;0.01;
0.344;0.012;
0.276;0.01;
0.252;0.012;
0.344;0.012;
0.32;0.01;
0.38;0.014;
0.456;0.018;
0.448;0.022;
0.476;0.014;
0.408;0.012;
0.468;0.024;
0.452;0.022;
0.544;0.016;
0.644;0.022;
0.608;0.05;
0.576;0.026;
0.592;0.028;
0.62;0.03;
0.64;0.028;
0.68;0.074;
0.644;0.06;
0.672;0.044;
0.632;0.022;
0.824;0.052;
0.7;0.056;
0.82;0.032;
0.74;0.05;
0.788;0.03;
0.888;0.056;
0.948;0.042;
0.88;0.046;
0.892;0.042;
0.976;0.066;
0.924;0.066;
0.936;0.058;
0.888;0.066;
1.04;0.078;
1.016;0.098;
1.08;0.056;
1.096;0.146;
1.004;0.052;
1.128;0.232;
0.988;0.092;
1.24;0.268;
1.256;0.386;
1.184;0.296;
1.216;0.358;
1.312;0.382;
1.244;0.5;
1.232;0.302;
1.344;0.302;
1.452;0.524;
1.316;0.41;
1.46;0.598;
1.492;0.574;
1.34;0.452;
1.376;0.524;
1.436;0.508;
1.46;0.586;
1.536;0.614;
1.528;0.526;
1.48;0.582;
1.544;0.644;
1.512;0.602;
1.608;0.596;
1.66;0.716;
1.488;0.63;
1.536;0.598;
1.788;0.732;
1.88;0.774;
1.7;0.696;
1.74;0.728;
1.824;0.744;
1.636;0.676;
1.68;0.682;
1.824;0.724;
1.86;0.752;
1.66;0.636;
1.804;0.702;
1.72;0.702;
1.9;0.816;
1.704;0.734;
1.884;0.76;
1.996;0.812;
2.064;0.818;
2.084;0.818;
2.108;0.84;
2.084;0.824;
2.304;0.872;
2.144;0.818;
2.052;0.824;
2.044;0.794;
2.1;0.824;
2.144;0.826;
2.156;0.816;
2.16;0.844;
2.276;0.87;
2.18;0.824;
2.1;0.824;
2.316;0.884;
2.124;0.828;
2.344;0.88;
2.304;0.878;
2.412;0.87;
2.248;0.818;
2.408;0.894;
2.296;0.868;
2.528;0.908;
2.464;0.896;
2.396;0.892;
2.448;0.89;
2.68;0.916;
2.428;0.884;
2.396;0.892;
2.596;0.908;
2.492;0.872;
2.704;0.926;
2.744;0.928;
2.576;0.894;
2.596;0.908;
2.464;0.896;
2.924;0.928;
2.696;0.916;
2.632;0.896;
2.808;0.938;
2.72;0.898;
2.828;0.926;
2.784;0.912;
2.84;0.912;
2.864;0.922;
2.712;0.914;
3.016;0.952;
2.948;0.956;
3.076;0.936;
2.94;0.952;
2.948;0.946;
3.084;0.95;
3.084;0.95;
2.904;0.932;
2.976;0.944;
2.952;0.958;
3.16;0.964;
3.004;0.936;
3.112;0.942;
3.196;0.952;
3.212;0.95;
3.2;0.952;
3.18;0.962;
3.236;0.956;
3.288;0.958;
3.324;0.96;
3.256;0.958;
3.388;0.96;
3.18;0.95;
3.312;0.958;
3.476;0.954;
3.196;0.95;
3.424;0.956;
3.428;0.97;
3.348;0.962;
3.492;0.98;
3.32;0.958;
3.372;0.962;
3.512;0.976;
3.484;0.974;
3.408;0.972;
3.412;0.96;
3.528;0.966;
3.712;0.974;
3.684;0.972;
3.836;0.98;
3.512;0.974;
3.46;0.974;
3.624;0.97;
3.88;0.982;
3.84;0.98;
3.8;0.97;
3.92;0.964;
3.584;0.956;
3.824;0.974;
3.784;0.986;
3.856;0.986;
3.844;0.978;
4.056;0.982;
3.844;0.984;
3.684;0.974;
0.012;0.004;
0.028;0.004;
0.032;0.004;
0.1;0.008;
0.088;0.006;
0.12;0.006;
0.1;0.006;
0.172;0.01;
0.22;0.008;
0.22;0.006;
0.22;0.014;
0.188;0.008;
0.26;0.012;
0.28;0.01;
0.24;0.01;
0.384;0.014;
0.316;0.01;
0.324;0.016;
0.34;0.01;
0.344;0.014;
0.388;0.016;
0.408;0.014;
0.464;0.016;
0.432;0.022;
0.508;0.02;
0.528;0.018;
0.488;0.014;
0.62;0.02;
0.568;0.014;
0.616;0.018;
0.6;0.018;
0.648;0.016;
0.7;0.036;
0.752;0.022;
0.696;0.028;
0.728;0.038;
0.756;0.02;
0.736;0.03;
0.808;0.04;
0.816;0.018;
0.788;0.036;
0.836;0.064;
0.888;0.128;
0.78;0.022;
0.872;0.064;
0.916;0.06;
0.956;0.078;
1.012;0.056;
0.944;0.124;
1.024;0.192;
0.924;0.066;
1.024;0.138;
0.988;0.164;
1.152;0.146;
1.108;0.15;
1.128;0.142;
1.132;0.288;
1.144;0.232;
1.284;0.182;
1.136;0.3;
1.228;0.406;
1.312;0.41;
1.228;0.35;
1.312;0.446;
1.352;0.474;
1.304;0.354;
1.36;0.56;
1.42;0.56;
1.44;0.588;
1.296;0.324;
1.5;0.532;
1.336;0.386;
1.4;0.522;
1.448;0.556;
1.396;0.546;
1.488;0.61;
1.476;0.624;
1.58;0.652;
1.564;0.616;
1.528;0.606;
1.608;0.65;
1.652;0.682;
1.576;0.618;
1.7;0.658;
1.712;0.732;
1.612;0.67;
1.92;0.806;
1.732;0.75;
1.856;0.79;
1.692;0.694;
1.876;0.764;
1.848;0.762;
1.752;0.724;
1.824;0.73;
1.892;0.776;
1.952;0.776;
2.06;0.83;
1.952;0.798;
2.004;0.814;
2.124;0.804;
1.888;0.77;
1.984;0.776;
1.824;0.744;
2.08;0.82;
2.116;0.832;
1.9;0.79;
2.116;0.842;
2.328;0.856;
2.172;0.866;
2.252;0.844;
2.32;0.878;
2.176;0.86;
2.22;0.85;
2.424;0.876;
2.472;0.918;
2.184;0.814;
2.316;0.872;
2.176;0.854;
2.28;0.886;
2.168;0.822;
2.368;0.892;
2.484;0.882;
2.388;0.888;
2.404;0.896;
2.284;0.88;
2.676;0.926;
2.4;0.892;
2.616;0.91;
2.632;0.9;
2.632;0.892;
2.452;0.896;
2.668;0.924;
2.668;0.892;
2.66;0.91;
2.58;0.918;
2.524;0.886;
2.712;0.912;
2.84;0.922;
2.836;0.922;
2.888;0.92;
2.892;0.948;
2.796;0.932;
2.964;0.95;
2.788;0.92;
2.648;0.884;
2.792;0.944;
3.096;0.954;
2.828;0.918;
2.876;0.928;
3.284;0.946;
3.08;0.95;
3.116;0.938;
3.148;0.966;
2.976;0.928;
2.872;0.926;
2.948;0.926;
3.096;0.964;
3.252;0.948;
3.12;0.946;
3.2;0.942;
3.148;0.94;
3.152;0.946;
3.356;0.962;
3.188;0.958;
3.292;0.954;
3.264;0.962;
3.348;0.958;
3.608;0.98;
3.376;0.98;
3.472;0.964;
3.364;0.968;
3.384;0.97;
3.38;0.97;
3.396;0.972;
3.42;0.976;
3.432;0.972;
3.796;0.978;
3.416;0.948;
3.52;0.95;
3.436;0.96;
3.488;0.968;
3.424;0.962;
3.712;0.982;
3.648;0.976;
3.68;0.968;
3.58;0.984;
3.88;0.982;
3.64;0.964;
3.708;0.974;
3.824;0.978;
3.72;0.978;
3.648;0.974;
3.616;0.976;
3.832;0.972;
3.804;0.972;
3.86;0.976;
3.784;0.984;
3.716;0.98;
4.1;0.986;
4.072;0.972;
0.008;0.004;
0.04;0.004;
0.036;0.004;
0.092;0.006;
0.076;0.004;
0.088;0.006;
0.144;0.006;
0.116;0.006;
0.192;0.008;
0.144;0.008;
0.2;0.008;
0.204;0.01;
0.212;0.012;
0.22;0.008;
0.304;0.01;
0.22;0.01;
0.336;0.012;
0.296;0.02;
0.42;0.012;
0.348;0.012;
0.412;0.018;
0.356;0.012;
0.364;0.01;
0.46;0.014;
0.48;0.03;
0.56;0.028;
0.476;0.02;
0.476;0.012;
0.632;0.046;
0.6;0.022;
0.588;0.034;
0.6;0.022;
0.572;0.02;
0.668;0.046;
0.676;0.038;
0.676;0.028;
0.716;0.052;
0.776;0.046;
0.736;0.034;
0.784;0.032;
0.868;0.076;
0.692;0.028;
0.896;0.12;
0.804;0.042;
0.84;0.068;
0.972;0.226;
0.84;0.032;
0.872;0.048;
0.924;0.066;
0.96;0.11;
0.976;0.134;
1.136;0.238;
1.112;0.148;
0.996;0.082;
1.16;0.128;
1.192;0.254;
1.076;0.288;
1.084;0.136;
1.116;0.14;
1.124;0.256;
1.24;0.382;
1.224;0.318;
1.288;0.364;
1.32;0.478;
1.252;0.408;
1.368;0.324;
1.232;0.198;
1.26;0.39;
1.308;0.438;
1.288;0.448;
1.348;0.434;
1.42;0.468;
1.288;0.392;
1.372;0.49;
1.404;0.508;
1.528;0.626;
1.684;0.73;
1.412;0.488;
1.644;0.644;
1.448;0.592;
1.752;0.696;
1.548;0.652;
1.652;0.69;
1.716;0.702;
1.644;0.712;
1.644;0.672;
1.776;0.724;
1.748;0.722;
1.704;0.696;
1.8;0.724;
1.964;0.766;
1.824;0.776;
1.948;0.804;
1.976;0.826;
1.844;0.734;
1.948;0.786;
1.984;0.824;
1.928;0.796;
2.088;0.832;
1.956;0.78;
2.032;0.824;
2.216;0.876;
2.204;0.848;
1.948;0.756;
2.024;0.794;
1.972;0.784;
2.028;0.812;
2.036;0.8;
2.14;0.832;
2.296;0.854;
2.256;0.848;
2.328;0.878;
2.304;0.844;
2.164;0.858;
2.192;0.84;
2.2;0.842;
2.412;0.884;
2.208;0.848;
2.276;0.876;
2.34;0.852;
2.544;0.886;
2.4;0.892;
2.344;0.872;
2.552;0.888;
2.54;0.896;
2.428;0.88;
2.524;0.904;
2.532;0.898;
2.496;0.898;
2.48;0.902;
2.508;0.91;
2.704;0.928;
2.572;0.892;
2.644;0.906;
2.648;0.902;
2.792;0.924;
2.756;0.918;
2.852;0.926;
2.72;0.916;
2.712;0.916;
2.584;0.888;
2.556;0.91;
2.84;0.934;
2.928;0.954;
2.62;0.904;
2.832;0.904;
2.804;0.922;
2.912;0.946;
2.988;0.95;
3.068;0.938;
3.116;0.948;
2.912;0.936;
3.016;0.954;
3.1;0.952;
3.076;0.956;
3.176;0.96;
3.072;0.95;
3.136;0.952;
3.224;0.952;
3.232;0.952;
3.088;0.968;
3.236;0.954;
3.356;0.968;
3.156;0.936;
3.316;0.96;
3.268;0.948;
3.34;0.956;
3.432;0.968;
3.508;0.974;
3.276;0.96;
3.24;0.97;
3.328;0.96;
3.392;0.962;
3.308;0.974;
3.368;0.96;
3.516;0.966;
3.456;0.962;
3.532;0.966;
3.348;0.952;
3.784;0.982;
3.708;0.986;
3.756;0.96;
3.444;0.958;
3.516;0.968;
3.516;0.972;
3.632;0.974;
3.904;0.99;
3.74;0.964;
3.768;0.978;
3.724;0.968;
3.964;0.98;
3.824;0.986;
3.76;0.982;
3.916;0.974;
3.772;0.968;
3.856;0.974;
3.956;0.986;
4.108;0.98;
3.836;0.972;
4.06;0.994;
0.0;0.002;
0.04;0.004;
0.048;0.006;
0.068;0.006;
0.088;0.006;
0.104;0.01;
0.112;0.006;
0.156;0.01;
0.208;0.008;
0.192;0.008;
0.204;0.008;
0.24;0.008;
0.292;0.016;
0.224;0.008;
0.312;0.01;
0.34;0.01;
0.336;0.012;
0.372;0.01;
0.312;0.012;
0.388;0.012;
0.376;0.012;
0.428;0.016;
0.48;0.018;
0.484;0.016;
0.484;0.018;
0.58;0.02;
0.608;0.032;
0.46;0.014;
0.628;0.026;
0.524;0.014;
0.592;0.042;
0.64;0.022;
0.536;0.032;
0.58;0.046;
0.756;0.03;
0.68;0.028;
0.788;0.086;
0.648;0.06;
0.732;0.028;
0.8;0.058;
0.832;0.038;
0.872;0.048;
0.76;0.028;
0.8;0.048;
0.852;0.042;
1.016;0.15;
0.832;0.076;
0.964;0.114;
1.124;0.076;
0.944;0.09;
0.872;0.046;
1.104;0.278;
1.08;0.122;
1.148;0.182;
1.024;0.162;
1.156;0.33;
1.08;0.174;
1.152;0.138;
1.104;0.076;
1.168;0.282;
1.244;0.428;
1.216;0.36;
1.224;0.138;
1.404;0.55;
1.196;0.11;
1.268;0.458;
1.288;0.34;
1.308;0.454;
1.516;0.602;
1.432;0.562;
1.336;0.432;
1.524;0.578;
1.34;0.498;
1.464;0.542;
1.54;0.622;
1.592;0.656;
1.628;0.654;
1.556;0.602;
1.568;0.618;
1.692;0.71;
1.624;0.69;
1.58;0.552;
1.7;0.68;
1.544;0.62;
1.636;0.656;
1.56;0.62;
1.7;0.702;
1.564;0.536;
1.836;0.752;
1.832;0.77;
1.888;0.716;
1.772;0.716;
1.948;0.758;
1.836;0.74;
1.948;0.802;
1.784;0.744;
1.932;0.78;
1.972;0.75;
2.004;0.802;
1.952;0.786;
2.052;0.834;
1.98;0.78;
2.068;0.786;
2.124;0.824;
2.036;0.814;
2.096;0.828;
2.096;0.804;
2.1;0.806;
2.236;0.828;
2.14;0.832;
2.148;0.832;
2.272;0.878;
2.28;0.872;
2.252;0.842;
2.48;0.898;
2.3;0.872;
2.36;0.894;
2.372;0.88;
2.528;0.884;
2.28;0.868;
2.528;0.9;
2.524;0.892;
2.6;0.91;
2.544;0.88;
2.572;0.89;
2.58;0.908;
2.528;0.888;
2.684;0.926;
2.688;0.904;
2.544;0.912;
2.54;0.912;
2.58;0.892;
2.596;0.874;
2.76;0.91;
2.644;0.916;
2.42;0.892;
2.58;0.916;
2.728;0.918;
2.768;0.904;
2.696;0.912;
2.808;0.916;
2.788;0.906;
2.82;0.908;
2.964;0.936;
2.864;0.93;
3.012;0.942;
2.828;0.95;
3.0;0.958;
2.896;0.932;
2.936;0.94;
2.708;0.918;
2.992;0.938;
2.888;0.926;
3.144;0.954;
2.864;0.912;
3.06;0.962;
3.104;0.94;
3.272;0.954;
3.128;0.96;
3.172;0.942;
3.188;0.928;
3.336;0.966;
3.12;0.958;
3.384;0.952;
3.236;0.964;
3.112;0.944;
3.244;0.95;
3.216;0.934;
3.288;0.964;
3.424;0.97;
3.364;0.964;
3.504;0.982;
3.364;0.966;
3.34;0.974;
3.392;0.962;
3.68;0.978;
3.612;0.968;
3.584;0.952;
3.584;0.982;
3.704;0.97;
3.572;0.966;
3.432;0.962;
3.708;0.97;
3.684;0.972;
3.624;0.966;
3.508;0.976;
3.62;0.962;
3.932;0.974;
3.932;0.984;
3.776;0.98;
3.62;0.97;
3.684;0.976;
4.02;0.986;
3.928;0.984;
3.984;0.978;
3.92;0.978;
3.924;0.974;
3.872;0.978;
3.964;0.974;
3.94;0.976;
0.0;0.002;
0.048;0.006;
0.064;0.004;
0.044;0.006;
0.052;0.004;
0.12;0.006;
0.132;0.008;
0.144;0.016;
0.148;0.008;
0.168;0.012;
0.248;0.008;
0.26;0.01;
0.264;0.008;
0.284;0.012;
0.244;0.008;
0.308;0.014;
0.292;0.01;
0.3;0.012;
0.428;0.016;
0.4;0.014;
0.388;0.01;
0.408;0.016;
0.46;0.016;
0.444;0.026;
0.428;0.014;
0.468;0.012;
0.516;0.02;
0.508;0.026;
0.52;0.016;
0.56;0.03;
0.6;0.024;
0.56;0.016;
0.692;0.04;
0.608;0.042;
0.796;0.054;
0.704;0.02;
0.716;0.066;
0.86;0.052;
0.712;0.052;
0.776;0.036;
0.82;0.054;
0.92;0.052;
0.912;0.036;
0.768;0.086;
0.896;0.068;
0.904;0.05;
1.048;0.084;
0.904;0.05;
0.992;0.08;
1.108;0.14;
0.8;0.042;
1.032;0.114;
1.068;0.152;
1.14;0.234;
1.008;0.08;
1.096;0.234;
1.076;0.118;
1.068;0.138;
1.112;0.124;
1.124;0.242;
1.176;0.296;
1.372;0.494;
1.356;0.482;
1.196;0.166;
1.344;0.446;
1.408;0.5;
1.38;0.532;
1.308;0.48;
1.148;0.172;
1.424;0.504;
1.456;0.556;
1.328;0.414;
1.288;0.438;
1.412;0.508;
1.488;0.598;
1.488;0.576;
1.568;0.658;
1.568;0.632;
1.58;0.598;
1.524;0.584;
1.74;0.712;
1.596;0.64;
1.664;0.678;
1.588;0.648;
1.724;0.696;
1.576;0.648;
1.668;0.732;
1.816;0.74;
1.768;0.72;
1.8;0.74;
1.82;0.754;
1.972;0.77;
1.82;0.742;
1.94;0.726;
1.904;0.798;
1.916;0.802;
1.94;0.8;
1.724;0.704;
1.828;0.76;
2.104;0.822;
2.116;0.814;
2.064;0.81;
2.092;0.806;
2.004;0.77;
2.116;0.844;
2.1;0.798;
2.128;0.822;
2.24;0.846;
2.092;0.806;
2.148;0.842;
2.204;0.848;
2.2;0.842;
2.168;0.836;
2.284;0.864;
2.224;0.816;
2.288;0.828;
2.368;0.892;
2.244;0.846;
2.312;0.874;
2.408;0.898;
2.504;0.868;
2.368;0.858;
2.608;0.928;
2.36;0.876;
2.468;0.9;
2.244;0.836;
2.536;0.896;
2.472;0.86;
2.444;0.886;
2.412;0.888;
2.716;0.926;
2.536;0.918;
2.668;0.906;
2.676;0.912;
2.728;0.926;
2.608;0.9;
2.764;0.922;
2.604;0.912;
2.716;0.92;
2.576;0.928;
2.676;0.938;
2.964;0.936;
2.936;0.934;
3.08;0.934;
2.82;0.922;
2.8;0.942;
2.984;0.932;
2.844;0.942;
3.0;0.926;
2.872;0.93;
3.028;0.944;
2.86;0.918;
3.008;0.944;
3.172;0.946;
2.852;0.928;
3.132;0.956;
3.224;0.966;
3.148;0.94;
3.152;0.952;
3.268;0.968;
3.244;0.956;
3.2;0.95;
3.208;0.956;
3.256;0.952;
3.2;0.948;
3.244;0.944;
3.384;0.96;
3.264;0.958;
3.72;0.968;
3.328;0.96;
3.092;0.952;
3.288;0.96;
3.488;0.956;
3.412;0.972;
3.628;0.962;
3.616;0.972;
3.292;0.97;
3.476;0.968;
3.556;0.978;
3.728;0.97;
3.796;0.99;
3.68;0.964;
3.644;0.968;
3.776;0.968;
3.912;0.988;
3.828;0.982;
3.788;0.98;
3.892;0.994;
3.648;0.986;
3.82;0.988;
3.744;0.978;
3.744;0.984;
3.904;0.976;
3.54;0.97;
3.8;0.966;
4.024;0.982;
3.64;0.954;
3.948;0.982;
3.92;0.984;
4.24;0.986;
0.004;0.004;
0.016;0.004;
0.056;0.006;
0.06;0.006;
0.092;0.006;
0.092;0.006;
0.132;0.008;
0.092;0.008;
0.156;0.006;
0.18;0.008;
0.2;0.008;
0.2;0.008;
0.216;0.008;
0.308;0.012;
0.268;0.01;
0.332;0.008;
0.416;0.016;
0.304;0.01;
0.416;0.012;
0.36;0.02;
0.46;0.012;
0.4;0.016;
0.432;0.018;
0.5;0.024;
0.44;0.016;
0.488;0.02;
0.488;0.02;
0.532;0.014;
0.54;0.018;
0.496;0.024;
0.596;0.018;
0.672;0.036;
0.684;0.06;
0.708;0.036;
0.648;0.058;
0.608;0.024;
0.668;0.024;
0.656;0.03;
0.74;0.026;
0.84;0.032;
0.836;0.028;
0.908;0.09;
0.816;0.042;
0.78;0.068;
0.94;0.096;
0.944;0.116;
0.84;0.064;
0.88;0.078;
1.024;0.066;
1.052;0.144;
1.052;0.08;
0.98;0.074;
1.032;0.06;
1.112;0.068;
1.02;0.146;
1.128;0.176;
1.016;0.104;
1.188;0.242;
1.232;0.262;
1.128;0.294;
1.084;0.146;
1.116;0.214;
1.216;0.122;
1.216;0.334;
1.356;0.514;
1.3;0.318;
1.26;0.324;
1.292;0.4;
1.272;0.428;
1.492;0.56;
1.424;0.546;
1.452;0.552;
1.52;0.604;
1.424;0.538;
1.392;0.536;
1.496;0.558;
1.492;0.566;
1.352;0.446;
1.584;0.658;
1.444;0.528;
1.448;0.588;
1.492;0.556;
1.52;0.628;
1.696;0.658;
1.78;0.722;
1.896;0.762;
1.732;0.72;
1.768;0.718;
1.776;0.716;
1.764;0.72;
1.8;0.77;
1.896;0.742;
1.836;0.718;
1.82;0.744;
1.776;0.74;
2.028;0.822;
1.952;0.776;
2.064;0.808;
1.976;0.82;
1.784;0.706;
1.98;0.8;
2.14;0.834;
2.072;0.842;
1.936;0.796;
2.048;0.816;
2.168;0.846;
2.24;0.856;
2.324;0.872;
2.24;0.816;
2.352;0.87;
2.22;0.846;
2.016;0.844;
2.356;0.89;
2.348;0.872;
2.272;0.878;
2.288;0.872;
2.188;0.85;
2.224;0.852;
2.46;0.884;
2.396;0.856;
2.368;0.88;
2.604;0.91;
2.28;0.842;
2.396;0.88;
2.556;0.906;
2.524;0.89;
2.572;0.898;
2.452;0.896;
2.6;0.926;
2.536;0.9;
2.64;0.896;
2.62;0.92;
2.632;0.924;
2.672;0.914;
2.824;0.92;
2.78;0.932;
2.636;0.912;
2.872;0.928;
2.876;0.916;
2.844;0.936;
2.624;0.93;
2.792;0.916;
2.812;0.92;
2.988;0.94;
2.904;0.926;
2.988;0.94;
3.024;0.95;
3.24;0.95;
2.82;0.936;
2.876;0.934;
2.856;0.924;
2.76;0.914;
2.92;0.94;
3.116;0.964;
3.196;0.96;
3.14;0.954;
3.028;0.946;
3.176;0.956;
3.18;0.94;
3.148;0.932;
3.224;0.95;
3.208;0.946;
3.144;0.956;
3.232;0.95;
3.152;0.958;
3.312;0.958;
3.392;0.974;
3.376;0.968;
3.348;0.946;
3.392;0.95;
3.328;0.95;
3.4;0.958;
3.392;0.97;
3.556;0.97;
3.632;0.974;
3.24;0.966;
3.384;0.958;
3.536;0.98;
3.404;0.95;
3.572;0.956;
3.564;0.964;
3.712;0.974;
3.572;0.972;
3.796;0.972;
3.54;0.974;
3.564;0.96;
3.6;0.972;
3.816;0.976;
3.936;0.984;
3.728;0.984;
3.764;0.974;
3.988;0.968;
3.748;0.968;
3.596;0.964;
3.924;0.978;
3.876;0.972;
3.864;0.98;
4.088;0.992;
3.696;0.966;
3.888;0.976;
0.008;0.004;
0.024;0.004;
0.044;0.004;
0.048;0.006;
0.072;0.004;
0.116;0.006;
0.088;0.008;
0.116;0.006;
0.164;0.006;
0.172;0.006;
0.176;0.012;
0.216;0.008;
0.32;0.02;
0.248;0.008;
0.212;0.008;
0.304;0.014;
0.328;0.01;
0.408;0.01;
0.38;0.02;
0.316;0.008;
0.356;0.014;
0.484;0.018;
0.484;0.012;
0.472;0.012;
0.588;0.024;
0.528;0.016;
0.56;0.018;
0.536;0.024;
0.544;0.022;
0.56;0.024;
0.528;0.022;
0.684;0.036;
0.712;0.048;
0.692;0.058;
0.696;0.03;
0.624;0.036;
0.776;0.044;
0.748;0.026;
0.768;0.058;
0.756;0.044;
0.784;0.048;
0.952;0.068;
0.704;0.04;
0.796;0.032;
0.9;0.158;
0.856;0.104;
0.948;0.198;
0.792;0.032;
0.888;0.076;
0.956;0.086;
1.084;0.176;
1.088;0.31;
1.076;0.134;
1.068;0.19;
1.108;0.088;
1.116;0.196;
1.072;0.26;
1.196;0.324;
1.1;0.328;
1.152;0.362;
1.236;0.414;
1.244;0.462;
1.232;0.384;
1.344;0.332;
1.264;0.352;
1.42;0.484;
1.32;0.452;
1.336;0.42;
1.404;0.522;
1.456;0.596;
1.444;0.558;
1.504;0.626;
1.504;0.568;
1.488;0.632;
1.524;0.58;
1.456;0.564;
1.656;0.658;
1.692;0.704;
1.536;0.62;
1.604;0.672;
1.6;0.654;
1.848;0.72;
1.724;0.714;
1.576;0.598;
1.672;0.674;
1.592;0.632;
1.716;0.72;
1.78;0.736;
1.7;0.706;
1.788;0.77;
1.832;0.742;
1.824;0.71;
1.872;0.74;
2.024;0.786;
1.948;0.786;
1.952;0.818;
1.836;0.734;
2.0;0.812;
1.908;0.818;
2.04;0.814;
2.06;0.798;
1.796;0.742;
2.02;0.774;
1.888;0.748;
2.028;0.824;
2.092;0.844;
2.348;0.896;
2.048;0.786;
2.168;0.86;
2.164;0.844;
2.092;0.828;
2.312;0.866;
2.168;0.838;
2.224;0.842;
2.252;0.87;
2.232;0.84;
2.02;0.778;
2.128;0.826;
2.468;0.902;
2.272;0.87;
2.296;0.864;
2.324;0.872;
2.448;0.89;
2.516;0.896;
2.352;0.884;
2.468;0.888;
2.588;0.892;
2.432;0.87;
2.548;0.924;
2.652;0.92;
2.744;0.908;
2.636;0.9;
2.544;0.906;
2.612;0.888;
2.672;0.924;
2.676;0.91;
2.832;0.918;
2.792;0.924;
2.768;0.918;
2.808;0.926;
2.884;0.924;
2.9;0.92;
2.996;0.934;
2.924;0.936;
2.74;0.932;
2.992;0.96;
2.956;0.934;
2.892;0.928;
2.92;0.944;
2.884;0.918;
3.024;0.95;
2.964;0.938;
3.172;0.942;
3.248;0.944;
3.144;0.938;
3.432;0.96;
3.032;0.934;
3.04;0.946;
3.208;0.944;
3.32;0.966;
3.3;0.948;
3.064;0.946;
3.492;0.972;
3.088;0.948;
3.52;0.97;
3.3;0.958;
3.336;0.966;
3.32;0.954;
3.376;0.952;
3.436;0.988;
3.672;0.962;
3.352;0.962;
3.428;0.964;
3.48;0.966;
3.376;0.966;
3.388;0.942;
3.668;0.974;
3.476;0.968;
3.432;0.96;
3.356;0.956;
3.428;0.98;
3.692;0.966;
3.584;0.964;
3.896;0.962;
3.448;0.948;
3.676;0.978;
3.616;0.958;
3.672;0.976;
3.892;0.988;
4.048;0.984;
3.792;0.966;
3.708;0.974;
3.944;0.97;
3.996;0.974;
3.916;0.982;
3.864;0.978;
3.824;0.976;
4.124;0.97;
4.02;0.964;
4.176;0.984;
0.004;0.004;
0.04;0.004;
0.024;0.006;
0.08;0.006;
0.064;0.006;
0.108;0.006;
0.092;0.006;
0.14;0.008;
0.196;0.01;
0.216;0.01;
0.148;0.006;
0.168;0.008;
0.184;0.008;
0.276;0.01;
0.284;0.01;
0.336;0.01;
0.34;0.012;
0.32;0.01;
0.384;0.016;
0.372;0.012;
0.436;0.018;
0.404;0.024;
0.412;0.016;
0.464;0.02;
0.464;0.024;
0.536;0.018;
0.472;0.02;
0.504;0.012;
0.576;0.022;
0.62;0.024;
0.628;0.044;
0.612;0.056;
0.608;0.018;
0.592;0.022;
0.608;0.028;
0.712;0.03;
0.788;0.048;
0.812;0.03;
0.932;0.074;
0.664;0.098;
0.804;0.056;
0.768;0.028;
0.796;0.042;
0.884;0.134;
0.892;0.072;
0.868;0.088;
0.992;0.114;
0.996;0.186;
0.916;0.06;
1.064;0.066;
1.012;0.056;
1.044;0.088;
1.064;0.072;
0.956;0.054;
1.064;0.188;
1.148;0.288;
1.076;0.248;
1.084;0.14;
1.18;0.244;
1.196;0.39;
1.208;0.314;
1.084;0.164;
1.192;0.242;
1.216;0.384;
1.172;0.25;
1.408;0.504;
1.3;0.428;
1.344;0.38;
1.384;0.446;
1.456;0.46;
1.372;0.456;
1.328;0.426;
1.424;0.344;
1.476;0.588;
1.508;0.536;
1.472;0.556;
1.608;0.664;
1.512;0.536;
1.508;0.588;
1.66;0.646;
1.58;0.608;
1.532;0.596;
1.524;0.594;
1.724;0.712;
1.624;0.674;
1.692;0.748;
1.692;0.638;
1.712;0.672;
1.728;0.7;
1.744;0.744;
1.924;0.776;
1.86;0.71;
1.852;0.76;
1.844;0.728;
1.868;0.756;
2.052;0.804;
1.884;0.748;
1.948;0.772;
2.048;0.816;
2.016;0.804;
2.064;0.842;
2.264;0.872;
1.972;0.784;
1.976;0.766;
2.092;0.848;
2.12;0.81;
2.268;0.864;
2.128;0.848;
2.088;0.832;
2.288;0.866;
2.128;0.812;
2.36;0.862;
2.204;0.866;
2.308;0.882;
2.232;0.844;
2.216;0.852;
2.46;0.874;
2.4;0.888;
2.196;0.838;
2.392;0.864;
2.332;0.884;
2.46;0.866;
2.468;0.882;
2.34;0.862;
2.232;0.87;
2.588;0.894;
2.744;0.924;
2.488;0.888;
2.608;0.904;
2.576;0.88;
2.42;0.882;
2.488;0.902;
2.628;0.912;
2.62;0.902;
2.644;0.906;
2.584;0.902;
2.636;0.894;
2.748;0.928;
2.768;0.918;
2.788;0.912;
2.816;0.916;
2.856;0.928;
2.768;0.91;
2.972;0.916;
2.544;0.912;
3.04;0.948;
2.844;0.91;
2.848;0.936;
3.064;0.946;
2.836;0.93;
2.984;0.934;
2.96;0.952;
3.044;0.948;
2.888;0.938;
2.952;0.932;
3.028;0.942;
3.192;0.94;
3.284;0.944;
3.12;0.942;
3.052;0.962;
2.988;0.93;
3.36;0.96;
3.268;0.96;
3.52;0.974;
3.272;0.966;
3.184;0.936;
3.324;0.956;
3.528;0.96;
3.296;0.958;
3.288;0.966;
3.18;0.954;
3.308;0.964;
3.448;0.972;
3.38;0.972;
3.656;0.982;
3.396;0.966;
3.312;0.966;
3.628;0.972;
3.596;0.964;
3.468;0.97;
3.4;0.962;
3.788;0.978;
3.668;0.976;
3.46;0.96;
3.856;0.98;
3.608;0.972;
3.708;0.968;
3.82;0.97;
3.668;0.98;
3.896;0.98;
3.772;0.966;
3.696;0.978;
3.932;0.972;
3.868;0.984;
3.888;0.982;
4.02;0.982;
4.2;0.982;
3.92;0.988;
4.072;0.984;
3.888;0.978;
