0.018;0.0015;
0.048;0.0015;
0.064;0.002;
0.088;0.0015;
0.091;0.002;
0.108;0.0015;
0.157;0.0025;
0.152;0.0025;
0.185;0.0035;
0.2;0.0025;
0.213;0.003;
0.264;0.0035;
0.25;0.0025;
0.289;0.003;
0.306;0.004;
0.324;0.003;
0.339;0.0035;
0.363;0.005;
0.411;0.0035;
0.422;0.0085;
0.41;0.008;
0.465;0.005;
0.447;0.0045;
0.468;0.0075;
0.523;0.009;
0.517;0.0065;
0.496;0.0075;
0.555;0.0095;
0.599;0.008;
0.615;0.0115;
0.601;0.006;
0.645;0.013;
0.654;0.0085;
0.653;0.011;
0.691;0.009;
0.759;0.022;
0.722;0.013;
0.723;0.012;
0.752;0.0155;
0.777;0.013;
0.826;0.0315;
0.84;0.0235;
0.848;0.0405;
0.921;0.0545;
0.93;0.029;
0.928;0.0355;
0.948;0.0315;
0.972;0.0445;
0.993;0.0835;
1.03;0.1525;
0.983;0.0605;
1.036;0.103;
1.024;0.11;
1.066;0.195;
1.169;0.2315;
1.107;0.1735;
1.141;0.192;
1.088;0.0785;
1.227;0.3295;
1.159;0.2355;
1.243;0.345;
1.194;0.1355;
1.27;0.3355;
1.255;0.3785;
1.277;0.411;
1.312;0.4255;
1.404;0.5335;
1.305;0.35;
1.385;0.5035;
1.415;0.538;
1.427;0.5095;
1.414;0.536;
1.436;0.548;
1.439;0.55;
1.495;0.5705;
1.55;0.6205;
1.552;0.64;
1.561;0.621;
1.563;0.6315;
1.577;0.6205;
1.641;0.701;
1.691;0.707;
1.644;0.66;
1.659;0.689;
1.668;0.669;
1.696;0.6955;
1.754;0.713;
1.707;0.7075;
1.79;0.711;
1.819;0.7365;
1.912;0.7675;
1.858;0.76;
1.804;0.7195;
1.894;0.766;
1.964;0.789;
1.951;0.7795;
1.855;0.7405;
1.942;0.789;
1.948;0.7895;
1.991;0.787;
2.083;0.828;
1.958;0.8005;
2.093;0.82;
2.097;0.8235;
2.094;0.812;
2.196;0.8315;
2.144;0.843;
2.159;0.849;
2.148;0.8415;
2.132;0.8195;
2.214;0.8375;
2.267;0.854;
2.264;0.8595;
2.327;0.867;
2.285;0.8655;
2.279;0.8645;
2.35;0.8635;
2.282;0.8355;
2.387;0.8705;
2.44;0.8805;
2.362;0.8645;
2.444;0.893;
2.395;0.881;
2.535;0.8895;
2.424;0.874;
2.486;0.8755;
2.509;0.9005;
2.505;0.8945;
2.532;0.9075;
2.614;0.9085;
2.595;0.908;
2.642;0.902;
2.754;0.923;
2.737;0.9125;
2.645;0.904;
2.719;0.9225;
2.798;0.9285;
2.741;0.9195;
2.764;0.928;
2.729;0.9175;
2.808;0.929;
2.854;0.9275;
2.924;0.936;
2.906;0.9305;
2.873;0.928;
2.864;0.939;
2.993;0.9305;
2.976;0.9445;
2.949;0.936;
2.975;0.9475;
3.055;0.95;
3.041;0.95;
3.095;0.944;
3.163;0.9515;
3.112;0.945;
3.212;0.951;
3.149;0.9535;
3.11;0.9505;
3.042;0.9435;
3.224;0.953;
3.211;0.957;
3.196;0.947;
3.37;0.9625;
3.303;0.9555;
3.225;0.958;
3.298;0.9595;
3.39;0.961;
3.376;0.9585;
3.325;0.949;
3.348;0.962;
3.432;0.96;
3.409;0.9595;
3.454;0.965;
3.503;0.9725;
3.611;0.969;
3.549;0.9615;
3.47;0.9625;
3.493;0.972;
3.669;0.9705;
3.586;0.9705;
3.648;0.9725;
3.562;0.9675;
3.677;0.9665;
3.692;0.9715;
3.643;0.964;
3.895;0.9755;
3.746;0.973;
3.68;0.979;
3.878;0.979;
3.734;0.975;
3.952;0.9755;
3.791;0.9755;
3.747;0.975;
3.955;0.977;
3.89;0.9785;
3.877;0.9795;
3.954;0.9795;
4.001;0.9765;
4.065;0.9765;
3.96;0.979;
0.026;0.001;
0.042;0.0015;
0.063;0.002;
0.087;0.002;
0.098;0.0015;
0.116;0.002;
0.16;0.004;
0.172;0.0025;
0.163;0.002;
0.222;0.0025;
0.241;0.003;
0.224;0.004;
0.247;0.0025;
0.257;0.003;
0.294;0.004;
0.302;0.0035;
0.334;0.0045;
0.346;0.0035;
0.34;0.009;
0.4;0.006;
0.416;0.005;
0.458;0.004;
0.483;0.0065;
0.493;0.0065;
0.491;0.005;
0.535;0.005;
0.539;0.007;
0.558;0.0115;
0.586;0.007;
0.586;0.0085;
0.647;0.008;
0.673;0.0095;
0.698;0.0135;
0.691;0.009;
0.734;0.0135;
0.768;0.011;
0.715;0.012;
0.764;0.0165;
0.763;0.014;
0.882;0.0295;
0.804;0.033;
0.847;0.031;
0.863;0.064;
0.894;0.039;
0.91;0.033;
0.929;0.071;
0.92;0.0625;
0.959;0.07;
1.007;0.046;
0.971;0.0685;
1.02;0.0415;
1.067;0.0705;
1.112;0.063;
1.057;0.0835;
1.124;0.084;
1.105;0.0825;
1.065;0.0505;
1.171;0.1435;
1.147;0.2355;
1.187;0.248;
1.238;0.3555;
1.256;0.354;
1.282;0.443;
1.304;0.4285;
1.305;0.466;
1.303;0.458;
1.372;0.487;
1.388;0.506;
1.401;0.531;
1.465;0.563;
1.427;0.5415;
1.438;0.5305;
1.408;0.5145;
1.535;0.607;
1.493;0.591;
1.547;0.5965;
1.551;0.626;
1.576;0.662;
1.618;0.6655;
1.606;0.6305;
1.624;0.665;
1.639;0.6745;
1.649;0.678;
1.7;0.6795;
1.703;0.702;
1.695;0.695;
1.695;0.7085;
1.766;0.71;
1.814;0.7395;
1.776;0.719;
1.806;0.734;
1.845;0.7375;
1.93;0.7805;
1.842;0.742;
1.807;0.7255;
1.969;0.777;
2.015;0.811;
1.981;0.785;
2.001;0.797;
2.081;0.8315;
2.037;0.7975;
2.105;0.819;
2.107;0.8195;
2.01;0.7885;
2.11;0.8215;
2.155;0.8495;
2.12;0.838;
2.15;0.8435;
2.201;0.839;
2.29;0.8705;
2.226;0.85;
2.277;0.8595;
2.257;0.8465;
2.327;0.8715;
2.264;0.859;
2.291;0.865;
2.292;0.8665;
2.326;0.865;
2.313;0.87;
2.38;0.88;
2.36;0.8755;
2.459;0.8905;
2.451;0.882;
2.486;0.889;
2.555;0.894;
2.569;0.9005;
2.513;0.8895;
2.45;0.892;
2.655;0.908;
2.54;0.904;
2.644;0.9085;
2.567;0.914;
2.673;0.9105;
2.679;0.907;
2.646;0.9095;
2.785;0.9195;
2.742;0.922;
2.733;0.932;
2.778;0.9265;
2.821;0.9235;
2.841;0.9285;
2.93;0.942;
2.767;0.915;
2.851;0.941;
2.952;0.9355;
2.798;0.9285;
2.941;0.933;
2.959;0.9315;
2.986;0.9445;
2.917;0.9395;
2.969;0.9335;
3.062;0.9535;
2.96;0.94;
3.156;0.9525;
3.024;0.944;
3.077;0.939;
3.095;0.9515;
3.181;0.948;
3.138;0.9445;
3.245;0.961;
3.153;0.9505;
3.211;0.959;
3.282;0.9575;
3.263;0.956;
3.297;0.9635;
3.354;0.9575;
3.398;0.9625;
3.402;0.962;
3.205;0.96;
3.277;0.9545;
3.325;0.954;
3.319;0.959;
3.477;0.9655;
3.511;0.964;
3.522;0.967;
3.591;0.9745;
3.649;0.9725;
3.54;0.9605;
3.554;0.975;
3.692;0.966;
3.714;0.972;
3.7;0.969;
3.542;0.963;
3.692;0.9775;
3.815;0.983;
3.733;0.9685;
3.67;0.9685;
3.815;0.9775;
3.848;0.9755;
3.681;0.974;
3.857;0.9785;
3.823;0.9745;
3.874;0.979;
3.901;0.975;
3.89;0.9815;
3.859;0.9795;
4.019;0.9745;
3.973;0.9795;
3.93;0.978;
3.948;0.9795;
0.013;0.0015;
0.032;0.0015;
0.057;0.0015;
0.072;0.0015;
0.087;0.002;
0.117;0.002;
0.146;0.0025;
0.139;0.0025;
0.19;0.003;
0.202;0.003;
0.257;0.0025;
0.254;0.0025;
0.258;0.003;
0.304;0.0035;
0.3;0.0035;
0.302;0.0045;
0.382;0.0075;
0.361;0.004;
0.351;0.004;
0.392;0.005;
0.428;0.0065;
0.461;0.0045;
0.45;0.005;
0.46;0.0065;
0.514;0.0055;
0.538;0.008;
0.542;0.009;
0.535;0.007;
0.529;0.0065;
0.621;0.0115;
0.625;0.0095;
0.636;0.014;
0.633;0.011;
0.663;0.0095;
0.695;0.012;
0.691;0.011;
0.724;0.0165;
0.752;0.014;
0.748;0.0095;
0.813;0.032;
0.88;0.0325;
0.79;0.0165;
0.898;0.023;
0.884;0.0345;
0.9;0.0305;
0.889;0.018;
0.941;0.0505;
0.934;0.0355;
1.006;0.0565;
0.972;0.038;
1.06;0.122;
1.073;0.118;
1.063;0.159;
1.062;0.1235;
1.129;0.2695;
1.171;0.284;
1.139;0.2165;
1.218;0.2965;
1.191;0.333;
1.185;0.3085;
1.228;0.2575;
1.199;0.2755;
1.188;0.2125;
1.215;0.3565;
1.334;0.4245;
1.342;0.4345;
1.336;0.467;
1.319;0.4645;
1.35;0.425;
1.399;0.5115;
1.285;0.3845;
1.43;0.5145;
1.456;0.535;
1.478;0.564;
1.523;0.595;
1.546;0.641;
1.523;0.5745;
1.633;0.661;
1.659;0.6705;
1.591;0.642;
1.586;0.6505;
1.62;0.653;
1.595;0.6225;
1.692;0.699;
1.737;0.6965;
1.757;0.7165;
1.726;0.7105;
1.819;0.7535;
1.841;0.764;
1.757;0.7235;
1.752;0.707;
1.836;0.7605;
1.876;0.75;
1.901;0.767;
1.899;0.7585;
1.859;0.747;
1.953;0.786;
1.94;0.7735;
1.933;0.7685;
1.965;0.7845;
2.054;0.809;
1.978;0.8025;
2.041;0.793;
2.065;0.821;
2.091;0.8205;
2.124;0.818;
2.141;0.845;
2.198;0.8365;
2.125;0.824;
2.232;0.8405;
2.237;0.836;
2.214;0.8525;
2.296;0.8615;
2.256;0.8565;
2.266;0.858;
2.396;0.8725;
2.379;0.879;
2.395;0.878;
2.309;0.8715;
2.405;0.8795;
2.403;0.8855;
2.459;0.8795;
2.43;0.886;
2.521;0.8955;
2.522;0.8915;
2.538;0.896;
2.492;0.889;
2.61;0.902;
2.564;0.897;
2.611;0.9075;
2.58;0.9015;
2.604;0.8925;
2.632;0.9035;
2.78;0.9185;
2.708;0.913;
2.759;0.914;
2.775;0.934;
2.793;0.925;
2.786;0.927;
2.808;0.9265;
2.805;0.9265;
2.814;0.931;
2.825;0.931;
2.919;0.924;
2.906;0.933;
2.904;0.9225;
2.893;0.9355;
2.912;0.931;
3.025;0.934;
3.036;0.939;
3.067;0.9485;
3.108;0.954;
3.14;0.9475;
3.147;0.9525;
3.097;0.945;
3.124;0.9525;
3.115;0.946;
3.173;0.963;
3.219;0.957;
3.124;0.953;
3.177;0.96;
3.235;0.961;
3.318;0.965;
3.256;0.947;
3.252;0.9545;
3.352;0.9615;
3.27;0.956;
3.345;0.9605;
3.387;0.965;
3.381;0.967;
3.422;0.966;
3.533;0.9615;
3.494;0.9685;
3.355;0.9615;
3.46;0.959;
3.618;0.973;
3.553;0.973;
3.566;0.971;
3.532;0.967;
3.626;0.9735;
3.625;0.9685;
3.687;0.9735;
3.6;0.969;
3.613;0.971;
3.693;0.979;
3.723;0.9695;
3.726;0.9655;
3.721;0.975;
3.766;0.9705;
3.901;0.9805;
3.912;0.975;
3.837;0.968;
3.943;0.9835;
3.908;0.98;
3.949;0.978;
3.844;0.981;
3.919;0.98;
4.012;0.9825;
3.95;0.98;
3.984;0.984;
0.014;0.001;
0.037;0.0015;
0.064;0.0015;
0.087;0.0015;
0.095;0.0015;
0.126;0.002;
0.156;0.0025;
0.142;0.002;
0.177;0.002;
0.213;0.003;
0.231;0.003;
0.22;0.003;
0.253;0.003;
0.276;0.003;
0.307;0.0035;
0.33;0.004;
0.318;0.0045;
0.368;0.0035;
0.39;0.004;
0.378;0.003;
0.422;0.0045;
0.427;0.004;
0.465;0.0065;
0.456;0.005;
0.512;0.007;
0.493;0.0075;
0.549;0.01;
0.582;0.006;
0.569;0.007;
0.566;0.008;
0.595;0.0095;
0.649;0.012;
0.655;0.0145;
0.645;0.013;
0.652;0.01;
0.75;0.015;
0.747;0.0195;
0.749;0.0225;
0.783;0.022;
0.83;0.019;
0.801;0.0175;
0.811;0.023;
0.901;0.0405;
0.846;0.0255;
0.897;0.025;
0.912;0.0455;
0.922;0.0255;
0.94;0.04;
0.995;0.1275;
1.016;0.0385;
1.032;0.2015;
1.061;0.098;
1.068;0.041;
1.069;0.1555;
1.147;0.2605;
1.143;0.227;
1.089;0.2085;
1.188;0.1615;
1.204;0.361;
1.134;0.063;
1.241;0.4265;
1.204;0.3035;
1.286;0.4185;
1.283;0.414;
1.317;0.4495;
1.301;0.4785;
1.389;0.4885;
1.386;0.54;
1.335;0.4445;
1.374;0.4555;
1.416;0.5425;
1.454;0.5655;
1.422;0.5155;
1.428;0.537;
1.492;0.599;
1.558;0.6255;
1.524;0.5975;
1.548;0.601;
1.507;0.5785;
1.582;0.6245;
1.593;0.635;
1.639;0.6415;
1.588;0.644;
1.7;0.703;
1.694;0.6995;
1.746;0.701;
1.688;0.6555;
1.826;0.741;
1.716;0.7135;
1.782;0.728;
1.8;0.7385;
1.804;0.7185;
1.791;0.7325;
1.886;0.7635;
1.88;0.7485;
1.894;0.7705;
1.974;0.768;
2.017;0.782;
2.03;0.8195;
2.062;0.8265;
2.086;0.836;
2.084;0.811;
2.023;0.797;
2.078;0.8255;
2.262;0.8435;
2.138;0.8235;
2.063;0.8285;
2.175;0.8305;
2.089;0.817;
2.233;0.8645;
2.24;0.8605;
2.247;0.8595;
2.218;0.8475;
2.221;0.8525;
2.309;0.8755;
2.338;0.877;
2.379;0.876;
2.339;0.8695;
2.396;0.8915;
2.344;0.8725;
2.399;0.8935;
2.414;0.8845;
2.534;0.8975;
2.532;0.895;
2.487;0.889;
2.532;0.892;
2.588;0.903;
2.595;0.904;
2.55;0.904;
2.548;0.9055;
2.582;0.8995;
2.588;0.9045;
2.668;0.8985;
2.619;0.9135;
2.675;0.9;
2.75;0.9255;
2.759;0.916;
2.795;0.926;
2.907;0.928;
2.858;0.936;
2.81;0.927;
2.919;0.933;
2.84;0.925;
2.838;0.926;
2.97;0.936;
2.94;0.9365;
2.899;0.9455;
2.958;0.941;
2.924;0.937;
2.993;0.9455;
2.984;0.9415;
3.06;0.945;
3.015;0.9445;
3.051;0.949;
3.071;0.951;
3.038;0.9425;
3.174;0.953;
3.082;0.943;
3.133;0.935;
3.125;0.9505;
3.233;0.956;
3.294;0.9565;
3.269;0.955;
3.246;0.9565;
3.398;0.9615;
3.431;0.9625;
3.269;0.9465;
3.463;0.9675;
3.41;0.967;
3.399;0.956;
3.351;0.948;
3.486;0.9655;
3.43;0.9605;
3.515;0.965;
3.434;0.9655;
3.517;0.9705;
3.578;0.9675;
3.584;0.968;
3.513;0.9645;
3.55;0.9645;
3.662;0.9745;
3.616;0.9655;
3.558;0.971;
3.74;0.976;
3.767;0.972;
3.665;0.973;
3.825;0.9725;
3.711;0.973;
3.75;0.972;
3.788;0.979;
3.794;0.974;
3.901;0.981;
3.803;0.968;
3.963;0.9755;
3.883;0.976;
3.949;0.979;
3.867;0.974;
3.949;0.9765;
3.898;0.975;
3.98;0.984;
0.019;0.0015;
0.042;0.0015;
0.054;0.0015;
0.079;0.002;
0.11;0.0025;
0.149;0.002;
0.161;0.0025;
0.139;0.003;
0.178;0.0025;
0.222;0.003;
0.205;0.0025;
0.226;0.002;
0.25;0.0025;
0.289;0.003;
0.299;0.004;
0.322;0.0055;
0.348;0.005;
0.378;0.004;
0.357;0.0035;
0.378;0.0045;
0.424;0.006;
0.428;0.0055;
0.476;0.0055;
0.499;0.006;
0.497;0.01;
0.524;0.006;
0.503;0.0055;
0.563;0.0065;
0.555;0.0085;
0.587;0.0065;
0.587;0.016;
0.648;0.0165;
0.629;0.008;
0.716;0.019;
0.716;0.01;
0.695;0.0095;
0.708;0.024;
0.782;0.0205;
0.773;0.0125;
0.817;0.0105;
0.809;0.0255;
0.781;0.01;
0.882;0.0855;
0.869;0.0175;
0.898;0.021;
0.895;0.0435;
0.925;0.018;
0.997;0.0535;
0.986;0.044;
1.037;0.0345;
0.98;0.0335;
1.045;0.2045;
1.087;0.1365;
1.128;0.218;
1.089;0.1995;
1.115;0.2435;
1.158;0.322;
1.131;0.134;
1.179;0.32;
1.143;0.264;
1.168;0.2635;
1.24;0.319;
1.264;0.402;
1.243;0.359;
1.278;0.4165;
1.364;0.5125;
1.361;0.493;
1.333;0.468;
1.346;0.4925;
1.375;0.505;
1.5;0.5975;
1.417;0.55;
1.412;0.547;
1.504;0.596;
1.434;0.555;
1.54;0.601;
1.532;0.6;
1.568;0.6035;
1.602;0.634;
1.615;0.6505;
1.636;0.6615;
1.619;0.642;
1.687;0.6875;
1.683;0.695;
1.781;0.717;
1.762;0.7285;
1.763;0.7085;
1.799;0.7455;
1.761;0.719;
1.746;0.7185;
1.801;0.7335;
1.914;0.7705;
1.85;0.742;
1.886;0.7705;
1.909;0.769;
1.922;0.78;
1.987;0.791;
1.941;0.783;
1.961;0.7725;
1.941;0.786;
2.0;0.806;
2.003;0.794;
2.037;0.793;
2.073;0.8275;
2.107;0.834;
2.1;0.8295;
2.148;0.845;
2.192;0.832;
2.201;0.8515;
2.154;0.8265;
2.158;0.821;
2.265;0.8605;
2.31;0.8515;
2.256;0.843;
2.294;0.857;
2.38;0.8845;
2.3;0.8665;
2.3;0.8675;
2.329;0.87;
2.483;0.8835;
2.333;0.862;
2.411;0.8825;
2.405;0.884;
2.495;0.8855;
2.47;0.893;
2.536;0.8975;
2.482;0.894;
2.54;0.9;
2.589;0.908;
2.661;0.911;
2.52;0.8935;
2.639;0.912;
2.659;0.92;
2.768;0.927;
2.662;0.9065;
2.669;0.9135;
2.799;0.931;
2.672;0.9205;
2.866;0.926;
2.786;0.9245;
2.721;0.9255;
2.782;0.9235;
2.842;0.927;
2.843;0.9365;
2.881;0.932;
2.874;0.9365;
3.085;0.9455;
3.004;0.9415;
2.989;0.939;
3.02;0.927;
3.039;0.9325;
3.083;0.945;
3.018;0.9375;
3.027;0.939;
3.09;0.947;
3.057;0.944;
3.057;0.933;
3.104;0.9385;
3.297;0.958;
3.223;0.9525;
3.171;0.9565;
3.249;0.952;
3.208;0.9465;
3.289;0.946;
3.371;0.957;
3.287;0.9525;
3.305;0.9585;
3.315;0.9645;
3.416;0.959;
3.361;0.9625;
3.474;0.9675;
3.333;0.958;
3.417;0.9685;
3.486;0.963;
3.543;0.9695;
3.542;0.965;
3.557;0.9645;
3.527;0.964;
3.519;0.9695;
3.558;0.9615;
3.66;0.9715;
3.647;0.973;
3.685;0.9685;
3.634;0.962;
3.712;0.97;
3.758;0.9735;
3.803;0.978;
3.737;0.9725;
3.696;0.977;
3.717;0.979;
3.86;0.9765;
3.932;0.9805;
3.769;0.972;
3.797;0.971;
3.954;0.979;
3.938;0.978;
3.931;0.9715;
3.956;0.9855;
3.978;0.98;
4.032;0.9865;
0.016;0.001;
0.047;0.0015;
0.062;0.0015;
0.093;0.0025;
0.1;0.0015;
0.116;0.002;
0.144;0.002;
0.136;0.002;
0.177;0.0035;
0.229;0.002;
0.236;0.0035;
0.28;0.0045;
0.271;0.003;
0.273;0.004;
0.325;0.0045;
0.276;0.0025;
0.351;0.0055;
0.355;0.0045;
0.351;0.003;
0.397;0.004;
0.414;0.0045;
0.495;0.0055;
0.467;0.0045;
0.474;0.0135;
0.475;0.006;
0.528;0.0095;
0.513;0.0045;
0.581;0.0095;
0.521;0.004;
0.626;0.008;
0.603;0.007;
0.644;0.0155;
0.667;0.0105;
0.662;0.012;
0.642;0.01;
0.748;0.016;
0.715;0.015;
0.711;0.0125;
0.772;0.014;
0.799;0.0175;
0.813;0.019;
0.8;0.027;
0.875;0.0175;
0.905;0.018;
0.895;0.0345;
0.937;0.062;
0.943;0.039;
0.956;0.064;
0.992;0.035;
1.054;0.111;
1.03;0.118;
1.102;0.0745;
1.07;0.081;
1.027;0.077;
1.085;0.1935;
1.099;0.249;
1.182;0.328;
1.133;0.3;
1.165;0.34;
1.185;0.301;
1.275;0.397;
1.206;0.3505;
1.2;0.2725;
1.265;0.347;
1.281;0.4295;
1.343;0.476;
1.452;0.503;
1.327;0.47;
1.401;0.508;
1.333;0.4655;
1.445;0.554;
1.429;0.5245;
1.466;0.571;
1.521;0.5875;
1.461;0.5555;
1.404;0.54;
1.481;0.579;
1.551;0.61;
1.568;0.611;
1.631;0.654;
1.601;0.62;
1.714;0.7255;
1.578;0.6365;
1.655;0.663;
1.713;0.6975;
1.717;0.7;
1.69;0.701;
1.778;0.7345;
1.74;0.719;
1.774;0.728;
1.765;0.7295;
1.904;0.776;
1.889;0.763;
1.901;0.7625;
1.81;0.7485;
1.927;0.785;
1.906;0.7775;
1.954;0.787;
2.019;0.815;
2.048;0.8155;
2.047;0.7915;
2.033;0.8105;
2.04;0.8;
2.068;0.811;
2.05;0.817;
2.116;0.8325;
2.111;0.822;
2.172;0.8405;
2.146;0.8305;
2.255;0.8405;
2.229;0.848;
2.163;0.8525;
2.263;0.849;
2.249;0.854;
2.286;0.859;
2.351;0.868;
2.375;0.866;
2.397;0.8845;
2.273;0.8545;
2.421;0.899;
2.436;0.8665;
2.372;0.8835;
2.432;0.8905;
2.468;0.889;
2.484;0.889;
2.512;0.894;
2.51;0.892;
2.489;0.8935;
2.616;0.898;
2.564;0.908;
2.685;0.9105;
2.652;0.912;
2.635;0.9055;
2.653;0.906;
2.709;0.9095;
2.76;0.9295;
2.744;0.9245;
2.878;0.937;
2.761;0.9165;
2.892;0.926;
2.906;0.933;
2.814;0.927;
2.861;0.9265;
2.795;0.9265;
2.833;0.9245;
2.953;0.939;
2.973;0.9435;
2.954;0.9355;
3.071;0.942;
3.007;0.9375;
3.115;0.9445;
3.105;0.9505;
3.176;0.947;
3.03;0.946;
3.192;0.947;
3.098;0.948;
3.11;0.9425;
3.051;0.9455;
3.194;0.94;
3.305;0.958;
3.159;0.949;
3.22;0.9505;
3.275;0.9525;
3.278;0.965;
3.276;0.957;
3.325;0.965;
3.369;0.956;
3.499;0.9675;
3.273;0.953;
3.3;0.9545;
3.307;0.9645;
3.438;0.9605;
3.412;0.957;
3.506;0.9685;
3.489;0.9665;
3.497;0.9665;
3.43;0.973;
3.659;0.968;
3.54;0.968;
3.593;0.97;
3.67;0.9765;
3.665;0.978;
3.745;0.977;
3.691;0.969;
3.597;0.971;
3.849;0.9805;
3.806;0.9795;
3.712;0.972;
3.749;0.974;
3.794;0.9805;
3.873;0.9775;
3.923;0.9835;
3.827;0.9795;
3.922;0.9825;
3.876;0.9835;
3.849;0.9765;
3.93;0.976;
4.055;0.9825;
4.029;0.978;
4.019;0.98;
0.019;0.001;
0.04;0.0015;
0.073;0.0015;
0.069;0.0015;
0.112;0.002;
0.132;0.0025;
0.161;0.0025;
0.154;0.002;
0.203;0.0035;
0.197;0.0025;
0.228;0.0025;
0.243;0.0025;
0.251;0.0025;
0.309;0.003;
0.284;0.003;
0.348;0.007;
0.31;0.003;
0.333;0.006;
0.41;0.006;
0.384;0.004;
0.419;0.006;
0.452;0.0045;
0.454;0.007;
0.476;0.0095;
0.501;0.007;
0.503;0.0045;
0.515;0.0075;
0.484;0.0065;
0.597;0.0165;
0.585;0.0055;
0.607;0.0085;
0.656;0.0115;
0.667;0.011;
0.67;0.0105;
0.732;0.016;
0.712;0.0135;
0.751;0.0205;
0.751;0.019;
0.768;0.0085;
0.869;0.0415;
0.816;0.0155;
0.838;0.0275;
0.902;0.0155;
0.911;0.026;
0.894;0.0405;
0.927;0.022;
0.896;0.031;
0.995;0.0765;
0.984;0.0245;
1.001;0.091;
1.064;0.205;
1.075;0.1065;
1.035;0.064;
1.055;0.097;
1.097;0.08;
1.153;0.26;
1.12;0.222;
1.121;0.1845;
1.148;0.1055;
1.185;0.2865;
1.221;0.335;
1.16;0.267;
1.321;0.439;
1.344;0.463;
1.238;0.3895;
1.364;0.4735;
1.406;0.5415;
1.308;0.4525;
1.386;0.485;
1.333;0.4705;
1.44;0.5655;
1.423;0.548;
1.415;0.535;
1.512;0.5805;
1.544;0.6095;
1.521;0.598;
1.464;0.5435;
1.6;0.645;
1.608;0.6385;
1.593;0.628;
1.616;0.6475;
1.596;0.642;
1.641;0.6615;
1.723;0.7105;
1.722;0.6935;
1.776;0.731;
1.693;0.6935;
1.762;0.7225;
1.844;0.7575;
1.811;0.724;
1.799;0.743;
1.792;0.736;
1.884;0.755;
1.897;0.752;
1.949;0.7785;
1.911;0.7625;
1.941;0.785;
1.913;0.7685;
1.965;0.778;
1.99;0.795;
1.991;0.7915;
2.085;0.812;
2.086;0.8205;
2.141;0.8415;
2.136;0.825;
2.1;0.824;
2.222;0.8635;
2.156;0.8435;
2.167;0.8355;
2.155;0.845;
2.167;0.84;
2.264;0.8575;
2.241;0.8605;
2.344;0.8715;
2.267;0.86;
2.328;0.846;
2.39;0.874;
2.321;0.8765;
2.386;0.8855;
2.372;0.8625;
2.388;0.864;
2.438;0.88;
2.507;0.8905;
2.506;0.8735;
2.544;0.9045;
2.46;0.8865;
2.585;0.8995;
2.514;0.897;
2.615;0.921;
2.552;0.8995;
2.733;0.9245;
2.565;0.9095;
2.67;0.911;
2.636;0.913;
2.681;0.905;
2.67;0.914;
2.627;0.9075;
2.857;0.928;
2.838;0.9285;
2.817;0.923;
2.786;0.9215;
2.807;0.9215;
2.888;0.93;
2.773;0.931;
2.9;0.9315;
2.897;0.939;
2.983;0.94;
2.939;0.9385;
3.007;0.936;
3.029;0.948;
3.028;0.949;
2.995;0.9335;
3.06;0.9575;
3.062;0.9455;
3.138;0.9435;
3.238;0.9535;
3.081;0.945;
3.1;0.935;
3.289;0.946;
3.104;0.9485;
3.221;0.953;
3.325;0.9545;
3.283;0.9615;
3.306;0.9595;
3.297;0.96;
3.294;0.952;
3.319;0.9595;
3.329;0.9545;
3.365;0.9605;
3.481;0.9665;
3.45;0.9635;
3.373;0.9645;
3.482;0.955;
3.452;0.9695;
3.513;0.9615;
3.598;0.9705;
3.463;0.964;
3.628;0.972;
3.502;0.9695;
3.466;0.9595;
3.673;0.974;
3.528;0.96;
3.725;0.9785;
3.735;0.9745;
3.723;0.9655;
3.802;0.971;
3.698;0.972;
3.786;0.9765;
3.825;0.9785;
3.802;0.9715;
3.813;0.9755;
3.875;0.972;
3.803;0.9755;
3.897;0.9875;
3.821;0.979;
3.96;0.981;
3.968;0.974;
3.971;0.9835;
3.933;0.9805;
3.949;0.979;0.019;0.001;
0.034;0.0015;
0.065;0.0015;
0.071;0.0015;
0.108;0.002;
0.105;0.002;
0.143;0.0025;
0.142;0.0025;
0.192;0.003;
0.195;0.003;
0.242;0.004;
0.21;0.0025;
0.258;0.0025;
0.282;0.0035;
0.29;0.004;
0.307;0.0035;
0.359;0.0045;
0.356;0.003;
0.397;0.004;
0.364;0.004;
0.406;0.005;
0.408;0.005;
0.479;0.0045;
0.442;0.004;
0.538;0.007;
0.53;0.0045;
0.501;0.01;
0.584;0.007;
0.571;0.0055;
0.557;0.006;
0.633;0.0095;
0.672;0.012;
0.644;0.0105;
0.648;0.007;
0.707;0.0255;
0.71;0.0115;
0.738;0.042;
0.796;0.018;
0.82;0.0255;
0.797;0.0185;
0.818;0.021;
0.857;0.013;
0.834;0.041;
0.905;0.0235;
0.913;0.0335;
0.875;0.034;
0.916;0.0415;
0.965;0.067;
1.042;0.0745;
0.939;0.108;
0.957;0.0315;
1.057;0.137;
1.126;0.2165;
1.096;0.066;
1.078;0.0825;
1.111;0.143;
1.175;0.3435;
1.191;0.172;
1.175;0.256;
1.18;0.3105;
1.223;0.365;
1.234;0.341;
1.246;0.345;
1.222;0.2995;
1.259;0.262;
1.335;0.4935;
1.341;0.4345;
1.355;0.5025;
1.413;0.511;
1.385;0.511;
1.368;0.48;
1.452;0.533;
1.469;0.54;
1.429;0.5225;
1.565;0.626;
1.561;0.633;
1.655;0.6675;
1.561;0.6295;
1.576;0.6285;
1.61;0.644;
1.598;0.638;
1.601;0.6465;
1.691;0.687;
1.654;0.688;
1.705;0.6955;
1.709;0.698;
1.747;0.718;
1.792;0.729;
1.822;0.7245;
1.824;0.747;
1.856;0.7635;
1.793;0.7455;
1.842;0.7515;
1.869;0.755;
1.875;0.759;
1.916;0.7525;
2.006;0.803;
1.984;0.7985;
1.918;0.758;
2.016;0.8085;
2.021;0.809;
2.068;0.817;
2.087;0.8295;
2.093;0.8175;
2.114;0.829;
2.091;0.822;
2.17;0.833;
2.128;0.824;
2.24;0.8535;
2.202;0.837;
2.267;0.8725;
2.168;0.841;
2.278;0.857;
2.352;0.87;
2.287;0.8615;
2.422;0.889;
2.279;0.8465;
2.374;0.8815;
2.335;0.874;
2.343;0.879;
2.455;0.8795;
2.442;0.877;
2.291;0.872;
2.554;0.9025;
2.404;0.8725;
2.556;0.8965;
2.61;0.9085;
2.562;0.8905;
2.581;0.9065;
2.585;0.899;
2.667;0.9245;
2.545;0.906;
2.619;0.91;
2.739;0.928;
2.695;0.921;
2.688;0.923;
2.679;0.9185;
2.744;0.9195;
2.809;0.926;
2.906;0.929;
2.789;0.919;
2.894;0.9295;
2.896;0.9375;
2.853;0.929;
3.014;0.94;
2.929;0.9295;
2.962;0.9355;
2.947;0.949;
2.956;0.9295;
2.956;0.9415;
2.954;0.9285;
3.045;0.9475;
2.946;0.9355;
3.011;0.943;
3.085;0.949;
3.126;0.946;
3.095;0.9435;
3.098;0.9495;
3.245;0.9535;
3.188;0.9555;
3.221;0.9615;
3.18;0.9465;
3.301;0.942;
3.265;0.953;
3.334;0.9625;
3.278;0.9585;
3.381;0.962;
3.456;0.964;
3.382;0.968;
3.346;0.9635;
3.395;0.962;
3.454;0.9625;
3.542;0.9675;
3.49;0.96;
3.422;0.96;
3.403;0.964;
3.583;0.974;
3.476;0.9595;
3.632;0.977;
3.685;0.972;
3.601;0.97;
3.716;0.975;
3.59;0.972;
3.817;0.9775;
3.598;0.9665;
3.784;0.9765;
3.716;0.967;
3.794;0.9725;
3.774;0.978;
3.775;0.9775;
3.837;0.976;
3.875;0.9795;
3.893;0.979;
3.82;0.973;
3.957;0.977;
3.883;0.979;
4.0;0.982;
4.0;0.978;
3.954;0.979;
3.996;0.9795;
0.024;0.001;
0.049;0.0015;
0.052;0.0015;
0.071;0.0015;
0.094;0.0015;
0.135;0.002;
0.13;0.0015;
0.149;0.0025;
0.175;0.0025;
0.203;0.003;
0.254;0.0035;
0.221;0.003;
0.259;0.003;
0.286;0.004;
0.297;0.004;
0.349;0.005;
0.327;0.004;
0.361;0.0035;
0.361;0.005;
0.398;0.004;
0.414;0.0045;
0.422;0.0035;
0.472;0.0055;
0.443;0.007;
0.491;0.006;
0.499;0.007;
0.527;0.006;
0.556;0.0125;
0.576;0.007;
0.621;0.013;
0.614;0.0085;
0.646;0.013;
0.693;0.0115;
0.726;0.01;
0.669;0.0115;
0.704;0.011;
0.727;0.015;
0.781;0.0145;
0.78;0.018;
0.786;0.0265;
0.882;0.02;
0.838;0.022;
0.903;0.0345;
0.916;0.0505;
0.897;0.029;
0.964;0.0985;
0.943;0.058;
1.042;0.122;
0.939;0.03;
1.002;0.0765;
1.015;0.039;
1.052;0.0845;
1.06;0.073;
1.029;0.053;
1.071;0.0535;
1.127;0.2995;
1.168;0.184;
1.183;0.2085;
1.199;0.3035;
1.178;0.226;
1.207;0.3605;
1.279;0.394;
1.219;0.333;
1.353;0.4715;
1.327;0.4585;
1.346;0.512;
1.334;0.4835;
1.312;0.4415;
1.395;0.5025;
1.394;0.5025;
1.441;0.5675;
1.455;0.538;
1.408;0.515;
1.399;0.511;
1.433;0.525;
1.466;0.572;
1.565;0.606;
1.523;0.596;
1.569;0.6205;
1.64;0.6645;
1.649;0.6585;
1.643;0.661;
1.664;0.686;
1.72;0.6995;
1.764;0.693;
1.701;0.7;
1.84;0.7405;
1.751;0.7175;
1.782;0.7335;
1.818;0.726;
1.78;0.728;
1.826;0.7535;
1.831;0.7275;
1.865;0.733;
1.799;0.7355;
1.939;0.7795;
1.891;0.755;
1.959;0.784;
1.945;0.7995;
2.012;0.7965;
2.055;0.8055;
2.03;0.8235;
2.062;0.816;
2.04;0.8125;
2.097;0.81;
2.16;0.833;
2.098;0.838;
2.208;0.838;
2.17;0.834;
2.191;0.8435;
2.295;0.855;
2.257;0.845;
2.203;0.8385;
2.317;0.86;
2.306;0.871;
2.361;0.869;
2.243;0.8565;
2.403;0.875;
2.4;0.885;
2.422;0.8795;
2.359;0.866;
2.404;0.8905;
2.519;0.9015;
2.427;0.8915;
2.507;0.8855;
2.443;0.893;
2.454;0.8715;
2.562;0.904;
2.539;0.892;
2.557;0.895;
2.633;0.91;
2.619;0.911;
2.603;0.9095;
2.757;0.9185;
2.733;0.931;
2.724;0.917;
2.875;0.9395;
2.732;0.921;
2.851;0.9325;
2.876;0.9345;
2.9;0.942;
2.805;0.931;
2.825;0.9305;
2.988;0.947;
2.863;0.9365;
2.849;0.9415;
2.948;0.9355;
3.046;0.939;
2.949;0.9385;
3.0;0.9385;
3.033;0.945;
3.045;0.9435;
3.133;0.9425;
3.081;0.941;
3.071;0.952;
3.143;0.954;
3.057;0.941;
3.222;0.954;
3.122;0.954;
3.164;0.9545;
3.244;0.954;
3.145;0.95;
3.292;0.9585;
3.28;0.946;
3.301;0.9635;
3.399;0.9615;
3.408;0.9605;
3.428;0.9715;
3.339;0.964;
3.318;0.9545;
3.403;0.9565;
3.43;0.954;
3.55;0.9725;
3.485;0.9635;
3.53;0.967;
3.563;0.9655;
3.598;0.9725;
3.685;0.974;
3.586;0.9595;
3.486;0.9675;
3.621;0.9685;
3.618;0.972;
3.687;0.9755;
3.72;0.9705;
3.711;0.9665;
3.703;0.972;
3.687;0.974;
3.741;0.97;
3.745;0.9685;
3.764;0.978;
3.767;0.975;
3.787;0.98;
3.863;0.975;
3.927;0.984;
3.871;0.9755;
3.84;0.976;
3.924;0.9815;
3.984;0.9825;
4.007;0.9805;
3.97;0.982;
0.02;0.001;
0.031;0.001;
0.058;0.0015;
0.071;0.002;
0.075;0.002;
0.123;0.0025;
0.139;0.002;
0.173;0.002;
0.186;0.002;
0.206;0.0025;
0.218;0.004;
0.253;0.003;
0.283;0.003;
0.29;0.0035;
0.317;0.003;
0.345;0.0035;
0.351;0.007;
0.327;0.0035;
0.368;0.005;
0.389;0.0045;
0.398;0.0045;
0.431;0.0075;
0.431;0.0045;
0.461;0.004;
0.479;0.006;
0.532;0.0055;
0.538;0.0105;
0.569;0.0085;
0.588;0.006;
0.596;0.008;
0.652;0.0075;
0.621;0.008;
0.652;0.012;
0.642;0.0125;
0.716;0.017;
0.703;0.01;
0.741;0.008;
0.736;0.014;
0.749;0.0175;
0.769;0.0075;
0.827;0.03;
0.844;0.028;
0.852;0.0425;
0.867;0.034;
0.851;0.028;
0.91;0.0465;
0.928;0.0455;
0.884;0.0805;
1.027;0.0405;
0.993;0.032;
1.028;0.027;
1.054;0.143;
1.066;0.113;
1.064;0.1175;
1.031;0.0335;
1.154;0.262;
1.154;0.0695;
1.213;0.3405;
1.161;0.2965;
1.192;0.2995;
1.21;0.3365;
1.265;0.383;
1.299;0.408;
1.221;0.3545;
1.298;0.434;
1.322;0.4625;
1.405;0.4695;
1.364;0.482;
1.33;0.4835;
1.37;0.502;
1.445;0.5655;
1.436;0.5125;
1.404;0.5025;
1.416;0.5365;
1.394;0.532;
1.524;0.5985;
1.544;0.6115;
1.536;0.614;
1.547;0.64;
1.601;0.638;
1.572;0.6355;
1.662;0.668;
1.6;0.638;
1.68;0.671;
1.643;0.645;
1.817;0.7555;
1.718;0.705;
1.793;0.724;
1.771;0.732;
1.673;0.6705;
1.854;0.778;
1.847;0.7525;
1.822;0.7465;
1.799;0.7265;
1.868;0.7625;
2.032;0.7965;
1.916;0.775;
1.987;0.777;
1.933;0.7745;
1.973;0.792;
2.058;0.8125;
2.029;0.805;
2.051;0.822;
2.105;0.82;
2.033;0.819;
2.116;0.828;
2.111;0.8205;
2.157;0.8415;
2.146;0.8355;
2.209;0.8415;
2.191;0.8495;
2.261;0.847;
2.156;0.834;
2.29;0.8685;
2.419;0.8815;
2.299;0.8705;
2.359;0.8575;
2.339;0.8715;
2.425;0.8875;
2.388;0.8735;
2.429;0.883;
2.394;0.878;
2.456;0.875;
2.453;0.8895;
2.503;0.893;
2.445;0.8805;
2.506;0.899;
2.523;0.8965;
2.549;0.9035;
2.601;0.908;
2.571;0.897;
2.671;0.906;
2.72;0.9145;
2.683;0.9055;
2.7;0.921;
2.736;0.9195;
2.786;0.931;
2.725;0.9165;
2.766;0.92;
2.8;0.9225;
2.749;0.9185;
2.828;0.93;
2.908;0.9435;
2.833;0.9345;
2.842;0.9305;
2.895;0.9275;
2.942;0.9415;
2.936;0.9385;
2.988;0.9445;
3.05;0.957;
3.019;0.9465;
3.098;0.948;
2.991;0.9405;
3.21;0.957;
3.105;0.944;
3.114;0.946;
3.12;0.949;
3.139;0.945;
3.186;0.954;
3.164;0.958;
3.166;0.951;
3.272;0.9535;
3.252;0.959;
3.286;0.9575;
3.229;0.967;
3.284;0.9565;
3.297;0.9585;
3.291;0.95;
3.437;0.9665;
3.369;0.9565;
3.435;0.967;
3.383;0.9605;
3.406;0.971;
3.552;0.9655;
3.505;0.972;
3.526;0.9665;
3.542;0.9685;
3.635;0.968;
3.472;0.9645;
3.607;0.9725;
3.643;0.9695;
3.687;0.967;
3.624;0.9745;
3.684;0.977;
3.605;0.968;
3.748;0.9745;
3.761;0.973;
3.735;0.969;
3.827;0.972;
3.807;0.983;
3.741;0.9775;
3.79;0.975;
3.715;0.976;
3.878;0.9855;
3.85;0.9785;
3.991;0.9825;
3.901;0.9795;
4.01;0.98;
3.957;0.98;
4.013;0.9845;
0.023;0.001;
0.041;0.0015;
0.055;0.0015;
0.07;0.0015;
0.112;0.002;
0.105;0.0035;
0.148;0.002;
0.182;0.0025;
0.202;0.002;
0.224;0.003;
0.207;0.0035;
0.207;0.0025;
0.26;0.0035;
0.286;0.0035;
0.277;0.0045;
0.353;0.005;
0.34;0.0045;
0.369;0.0035;
0.389;0.006;
0.363;0.0035;
0.396;0.0045;
0.47;0.005;
0.419;0.0065;
0.503;0.0045;
0.506;0.005;
0.536;0.0045;
0.526;0.0085;
0.561;0.0115;
0.584;0.012;
0.607;0.0155;
0.622;0.0075;
0.633;0.0095;
0.623;0.0155;
0.662;0.009;
0.706;0.011;
0.727;0.0125;
0.746;0.0185;
0.758;0.0155;
0.782;0.012;
0.762;0.023;
0.814;0.043;
0.882;0.0375;
0.879;0.0435;
0.87;0.038;
0.855;0.0295;
0.959;0.0245;
0.931;0.0255;
0.979;0.0545;
1.009;0.031;
1.049;0.0855;
1.029;0.0895;
1.085;0.274;
1.08;0.0525;
1.129;0.1685;
1.131;0.0955;
1.064;0.085;
1.176;0.374;
1.153;0.062;
1.165;0.1835;
1.218;0.2365;
1.236;0.2315;
1.304;0.432;
1.222;0.359;
1.259;0.3525;
1.297;0.4135;
1.255;0.392;
1.381;0.5155;
1.401;0.5175;
1.411;0.4775;
1.421;0.5375;
1.435;0.5275;
1.41;0.5025;
1.422;0.55;
1.403;0.4875;
1.483;0.5695;
1.561;0.6135;
1.584;0.6445;
1.554;0.6125;
1.606;0.6435;
1.535;0.6185;
1.63;0.658;
1.63;0.6425;
1.645;0.649;
1.647;0.6745;
1.698;0.7035;
1.662;0.6455;
1.651;0.671;
1.756;0.7025;
1.799;0.7175;
1.792;0.7195;
1.794;0.7415;
1.926;0.7785;
1.808;0.731;
1.81;0.7395;
1.851;0.756;
1.96;0.774;
1.903;0.748;
1.949;0.778;
2.049;0.808;
1.988;0.785;
2.045;0.809;
2.027;0.8235;
2.023;0.798;
2.094;0.825;
2.055;0.8165;
2.228;0.845;
2.096;0.8125;
2.112;0.8215;
2.161;0.84;
2.175;0.84;
2.157;0.821;
2.342;0.8815;
2.342;0.8645;
2.272;0.8685;
2.304;0.872;
2.344;0.875;
2.267;0.8665;
2.352;0.88;
2.399;0.8715;
2.388;0.88;
2.419;0.889;
2.441;0.8755;
2.522;0.884;
2.539;0.9125;
2.501;0.893;
2.53;0.9055;
2.466;0.8785;
2.517;0.891;
2.582;0.9145;
2.575;0.91;
2.76;0.916;
2.59;0.9145;
2.594;0.9105;
2.636;0.9085;
2.575;0.8975;
2.645;0.92;
2.704;0.9185;
2.693;0.915;
2.771;0.9105;
2.802;0.9265;
2.845;0.918;
2.888;0.932;
2.803;0.9275;
2.949;0.936;
2.926;0.933;
2.911;0.934;
2.982;0.9365;
2.967;0.938;
2.997;0.935;
2.938;0.9385;
3.057;0.947;
2.949;0.9365;
3.126;0.9505;
3.059;0.943;
3.09;0.944;
3.134;0.958;
3.177;0.957;
3.18;0.959;
3.188;0.9555;
3.271;0.9485;
3.313;0.9565;
3.103;0.953;
3.196;0.952;
3.312;0.9575;
3.2;0.9565;
3.24;0.955;
3.361;0.956;
3.331;0.963;
3.417;0.971;
3.247;0.9535;
3.412;0.9565;
3.354;0.96;
3.469;0.9645;
3.493;0.964;
3.554;0.971;
3.481;0.972;
3.493;0.965;
3.575;0.9765;
3.5;0.9665;
3.703;0.969;
3.584;0.9745;
3.63;0.9745;
3.686;0.9755;
3.557;0.97;
3.627;0.9615;
3.718;0.9755;
3.754;0.978;
3.812;0.97;
3.768;0.976;
3.729;0.9745;
3.759;0.9775;
3.789;0.972;
3.893;0.979;
3.905;0.981;
3.921;0.9815;
3.933;0.976;
3.929;0.9705;
3.935;0.9755;
4.038;0.9785;
4.023;0.9785;
0.022;0.001;
0.041;0.0015;
0.051;0.0015;
0.073;0.0015;
0.101;0.0015;
0.112;0.002;
0.155;0.003;
0.154;0.0025;
0.194;0.002;
0.199;0.003;
0.237;0.0035;
0.228;0.0025;
0.264;0.003;
0.266;0.004;
0.303;0.003;
0.319;0.003;
0.34;0.0035;
0.352;0.0055;
0.382;0.004;
0.371;0.004;
0.42;0.005;
0.416;0.004;
0.46;0.005;
0.52;0.006;
0.503;0.0055;
0.522;0.007;
0.529;0.0125;
0.596;0.007;
0.576;0.009;
0.58;0.0075;
0.617;0.006;
0.664;0.0065;
0.665;0.012;
0.662;0.0085;
0.716;0.0125;
0.752;0.0135;
0.746;0.011;
0.726;0.014;
0.82;0.0185;
0.834;0.0145;
0.842;0.0255;
0.819;0.0165;
0.876;0.047;
0.852;0.0285;
0.904;0.0215;
0.943;0.042;
0.974;0.0195;
0.964;0.0755;
0.988;0.058;
1.005;0.0285;
1.038;0.1055;
1.09;0.0785;
1.072;0.077;
1.053;0.099;
1.079;0.145;
1.07;0.057;
1.165;0.2715;
1.181;0.313;
1.15;0.3235;
1.165;0.3355;
1.177;0.206;
1.262;0.4175;
1.278;0.435;
1.314;0.4635;
1.234;0.3105;
1.278;0.4175;
1.377;0.5015;
1.409;0.513;
1.373;0.4555;
1.504;0.609;
1.454;0.5775;
1.429;0.566;
1.45;0.5435;
1.441;0.546;
1.455;0.579;
1.47;0.5565;
1.513;0.598;
1.58;0.6545;
1.563;0.6075;
1.554;0.6105;
1.655;0.68;
1.638;0.6575;
1.639;0.659;
1.734;0.6935;
1.723;0.6945;
1.751;0.729;
1.744;0.708;
1.715;0.705;
1.763;0.7235;
1.784;0.718;
1.877;0.771;
1.823;0.724;
1.798;0.72;
1.851;0.7405;
1.951;0.7625;
1.877;0.7575;
2.033;0.8105;
1.924;0.7725;
2.009;0.8055;
2.001;0.787;
1.989;0.8045;
2.02;0.802;
2.067;0.8255;
2.074;0.82;
2.125;0.819;
2.12;0.8135;
2.112;0.8245;
2.167;0.8305;
2.225;0.8385;
2.171;0.845;
2.208;0.8255;
2.361;0.8815;
2.22;0.861;
2.331;0.8725;
2.249;0.8545;
2.288;0.8495;
2.359;0.881;
2.325;0.878;
2.36;0.8875;
2.438;0.8885;
2.387;0.8725;
2.418;0.8965;
2.44;0.8825;
2.563;0.9115;
2.625;0.9085;
2.556;0.9065;
2.696;0.9105;
2.532;0.896;
2.653;0.904;
2.675;0.9125;
2.627;0.9125;
2.638;0.9145;
2.606;0.9005;
2.777;0.923;
2.77;0.9175;
2.656;0.908;
2.689;0.9095;
2.71;0.9205;
2.75;0.919;
2.717;0.9175;
2.838;0.932;
2.881;0.938;
2.873;0.9365;
0.021;0.001;
0.05;0.0015;
0.053;0.0015;
0.06;0.0025;
0.117;0.002;
0.119;0.0015;
0.126;0.0025;
0.173;0.0025;
0.178;0.0025;
0.201;0.003;
0.211;0.003;
0.251;0.0025;
0.249;0.0025;
0.278;0.0025;
0.31;0.0045;
0.308;0.003;
0.325;0.0045;
0.36;0.005;
0.379;0.005;
0.391;0.0055;
0.452;0.009;
0.421;0.006;
0.425;0.005;
0.487;0.0045;
0.491;0.007;
0.491;0.006;
0.501;0.006;
0.597;0.0065;
0.529;0.0075;
0.613;0.0085;
0.643;0.011;
0.672;0.0125;
0.664;0.01;
0.678;0.0125;
0.687;0.01;
0.74;0.0185;
0.748;0.024;
0.795;0.0165;
0.765;0.0165;
0.746;0.0135;
0.83;0.0305;
0.844;0.025;
0.877;0.033;
0.904;0.0355;
0.879;0.0205;
0.936;0.0545;
0.909;0.037;
0.977;0.091;
0.991;0.054;
0.999;0.061;
1.052;0.062;
1.074;0.1135;
1.034;0.034;
1.04;0.109;
1.099;0.1775;
1.047;0.175;
1.178;0.277;
1.207;0.3885;
1.169;0.2745;
1.172;0.116;
1.24;0.3295;
1.195;0.2935;
1.212;0.2845;
1.322;0.443;
1.334;0.419;
1.345;0.419;
1.325;0.437;
1.333;0.4425;
1.437;0.546;
1.392;0.5065;
1.445;0.5495;
1.463;0.5775;
1.467;0.5485;
1.482;0.5495;
1.517;0.59;
1.508;0.582;
1.508;0.589;
1.602;0.607;
1.594;0.6425;
1.538;0.599;
1.697;0.701;
1.64;0.652;
1.669;0.6795;
1.676;0.655;
1.735;0.7065;
1.738;0.724;
1.768;0.719;
1.766;0.7275;
1.791;0.7265;
1.781;0.712;
1.729;0.712;
1.794;0.7285;
1.894;0.774;
1.887;0.753;
1.942;0.7775;
1.921;0.7735;
1.955;0.787;
1.907;0.781;
1.989;0.7835;
1.974;0.802;
2.013;0.777;
1.977;0.787;
2.098;0.814;
2.013;0.812;
2.034;0.8055;
2.052;0.8045;
2.188;0.849;
2.113;0.8345;
2.2;0.8465;
2.258;0.8545;
2.267;0.85;
2.227;0.8495;
2.311;0.861;
2.331;0.867;
2.308;0.877;
2.391;0.8795;
2.314;0.863;
2.395;0.884;
2.348;0.8565;
2.347;0.855;
2.391;0.887;
2.447;0.8815;
2.407;0.8775;
2.495;0.9015;
2.482;0.8965;
2.638;0.9055;
2.612;0.9115;
2.536;0.9115;
2.531;0.8895;
2.562;0.8915;
2.663;0.9135;
2.688;0.9125;
2.703;0.9235;
2.685;0.9115;
2.756;0.919;
2.742;0.9095;
2.694;0.919;
2.82;0.927;
2.777;0.925;
2.819;0.9285;
2.972;0.9385;
2.879;0.9385;
2.848;0.939;
2.914;0.9385;
2.854;0.9205;
2.862;0.9335;
2.94;0.931;
2.977;0.945;
3.027;0.945;
2.987;0.9275;
2.914;0.941;
2.89;0.947;
3.06;0.94;
3.166;0.9555;
3.142;0.943;
3.062;0.9385;
3.13;0.9455;
3.237;0.958;
3.258;0.9575;
3.208;0.9455;
3.278;0.9525;
3.241;0.941;
3.256;0.9595;
3.191;0.953;
3.382;0.965;
3.304;0.958;
3.268;0.9465;
3.257;0.955;
3.318;0.9565;
3.357;0.961;
3.315;0.9575;
3.45;0.9605;
3.385;0.9635;
3.552;0.97;
3.494;0.9625;
3.433;0.962;
3.534;0.9685;
3.505;0.961;
3.575;0.9715;
3.553;0.963;
3.6;0.97;
3.661;0.969;
3.528;0.9655;
3.566;0.9755;
3.658;0.9655;
3.82;0.9735;
3.716;0.972;
3.819;0.9785;
3.73;0.9735;
3.78;0.9725;
3.832;0.9785;
3.825;0.966;
3.946;0.9835;
3.78;0.973;
3.855;0.983;
4.049;0.9845;
3.954;0.9745;
3.894;0.979;
3.965;0.982;
4.14;0.9905;
