0.01;0.002;
0.028;0.003;
0.054;0.003;
0.074;0.003;
0.114;0.006;
0.12;0.003;
0.134;0.005;
0.12;0.005;
0.146;0.004;
0.206;0.005;
0.224;0.005;
0.23;0.005;
0.258;0.01;
0.274;0.007;
0.27;0.006;
0.322;0.007;
0.362;0.008;
0.316;0.008;
0.364;0.007;
0.39;0.01;
0.38;0.007;
0.42;0.008;
0.448;0.011;
0.46;0.007;
0.462;0.011;
0.442;0.007;
0.512;0.016;
0.528;0.022;
0.55;0.017;
0.674;0.018;
0.624;0.023;
0.586;0.018;
0.612;0.016;
0.704;0.028;
0.664;0.018;
0.754;0.019;
0.83;0.032;
0.75;0.053;
0.768;0.013;
0.786;0.016;
0.878;0.052;
0.866;0.024;
0.858;0.029;
0.838;0.034;
0.958;0.067;
0.87;0.047;
0.964;0.164;
0.944;0.047;
0.92;0.037;
1.028;0.153;
1.096;0.178;
1.03;0.049;
1.026;0.093;
1.124;0.067;
1.09;0.086;
1.134;0.217;
1.102;0.275;
1.07;0.118;
1.136;0.282;
1.254;0.389;
1.282;0.378;
1.236;0.341;
1.202;0.182;
1.248;0.396;
1.3;0.413;
1.366;0.433;
1.344;0.51;
1.35;0.417;
1.382;0.462;
1.392;0.505;
1.468;0.579;
1.476;0.527;
1.48;0.594;
1.414;0.529;
1.44;0.526;
1.516;0.603;
1.398;0.486;
1.634;0.642;
1.642;0.695;
1.518;0.603;
1.652;0.683;
1.678;0.708;
1.636;0.661;
1.736;0.7;
1.696;0.672;
1.642;0.671;
1.762;0.725;
1.792;0.733;
1.744;0.701;
1.816;0.74;
1.862;0.774;
1.822;0.769;
1.912;0.753;
1.782;0.711;
1.796;0.735;
1.956;0.773;
1.912;0.795;
2.016;0.816;
1.968;0.768;
1.94;0.758;
2.018;0.79;
2.034;0.817;
2.026;0.819;
2.166;0.844;
2.186;0.837;
2.048;0.821;
2.09;0.802;
2.066;0.809;
2.214;0.846;
2.186;0.86;
2.266;0.858;
2.118;0.824;
2.242;0.846;
2.33;0.875;
2.314;0.87;
2.304;0.877;
2.332;0.887;
2.334;0.867;
2.32;0.864;
2.27;0.869;
2.38;0.87;
2.408;0.872;
2.492;0.893;
2.458;0.893;
2.43;0.873;
2.416;0.884;
2.528;0.887;
2.456;0.887;
2.548;0.898;
2.642;0.925;
2.706;0.909;
2.772;0.922;
2.726;0.923;
2.564;0.914;
2.778;0.911;
2.562;0.908;
2.806;0.936;
2.752;0.93;
2.72;0.934;
2.652;0.893;
2.948;0.925;
2.882;0.938;
2.846;0.928;
2.952;0.947;
2.814;0.931;
2.942;0.931;
3.016;0.932;
2.73;0.924;
2.886;0.937;
3.054;0.939;
3.01;0.942;
3.152;0.957;
3.012;0.94;
3.146;0.943;
3.032;0.944;
3.046;0.951;
3.306;0.956;
3.134;0.96;
3.112;0.937;
3.164;0.948;
3.154;0.951;
3.108;0.954;
3.264;0.956;
3.366;0.965;
3.286;0.948;
3.372;0.958;
3.488;0.964;
3.336;0.954;
3.416;0.961;
3.48;0.953;
3.286;0.964;
3.398;0.966;
3.358;0.972;
3.416;0.961;
3.596;0.977;
3.702;0.974;
3.606;0.959;
3.648;0.969;
3.498;0.957;
3.552;0.966;
3.534;0.969;
3.74;0.964;
3.508;0.964;
3.662;0.964;
3.676;0.978;
3.88;0.982;
3.674;0.972;
3.71;0.981;
3.756;0.982;
3.738;0.975;
3.686;0.978;
3.878;0.972;
3.896;0.97;
3.92;0.982;
3.974;0.981;
3.924;0.981;
3.866;0.97;
3.86;0.972;
3.958;0.985;
3.878;0.98;
0.006;0.002;
0.024;0.002;
0.06;0.003;
0.052;0.002;
0.11;0.004;
0.118;0.004;
0.158;0.005;
0.128;0.006;
0.164;0.004;
0.2;0.004;
0.224;0.006;
0.218;0.005;
0.286;0.007;
0.264;0.005;
0.338;0.008;
0.314;0.006;
0.346;0.007;
0.372;0.009;
0.402;0.006;
0.424;0.009;
0.458;0.008;
0.384;0.01;
0.444;0.01;
0.444;0.008;
0.506;0.01;
0.554;0.011;
0.502;0.017;
0.524;0.01;
0.564;0.024;
0.578;0.01;
0.624;0.01;
0.672;0.015;
0.688;0.018;
0.692;0.025;
0.694;0.031;
0.824;0.03;
0.82;0.033;
0.736;0.038;
0.77;0.02;
0.734;0.023;
0.776;0.038;
0.866;0.016;
0.764;0.036;
0.836;0.067;
0.902;0.031;
0.894;0.047;
0.914;0.041;
0.902;0.063;
0.97;0.092;
0.95;0.045;
1.06;0.118;
1.024;0.077;
1.092;0.151;
1.106;0.197;
0.98;0.042;
1.094;0.243;
1.128;0.205;
1.154;0.198;
1.242;0.211;
1.198;0.275;
1.224;0.399;
1.206;0.396;
1.292;0.406;
1.238;0.316;
1.338;0.484;
1.316;0.452;
1.332;0.423;
1.338;0.445;
1.378;0.447;
1.358;0.489;
1.388;0.516;
1.508;0.623;
1.478;0.564;
1.388;0.476;
1.39;0.471;
1.446;0.582;
1.494;0.594;
1.574;0.592;
1.594;0.657;
1.512;0.574;
1.594;0.638;
1.602;0.659;
1.642;0.671;
1.646;0.68;
1.594;0.619;
1.796;0.744;
1.678;0.7;
1.756;0.706;
1.78;0.746;
1.742;0.723;
1.746;0.735;
1.82;0.732;
1.88;0.786;
1.894;0.757;
1.818;0.758;
1.978;0.795;
1.816;0.738;
1.844;0.761;
2.03;0.808;
1.964;0.786;
2.044;0.797;
2.096;0.819;
2.13;0.836;
2.08;0.818;
2.176;0.827;
2.082;0.824;
2.058;0.811;
2.19;0.837;
2.104;0.824;
2.216;0.833;
2.236;0.857;
2.316;0.858;
2.238;0.838;
2.19;0.837;
2.288;0.851;
2.292;0.869;
2.342;0.871;
2.408;0.872;
2.42;0.886;
2.434;0.893;
2.388;0.885;
2.482;0.89;
2.38;0.885;
2.464;0.899;
2.492;0.9;
2.462;0.885;
2.65;0.919;
2.512;0.904;
2.624;0.914;
2.662;0.91;
2.55;0.911;
2.642;0.908;
2.644;0.905;
2.646;0.9;
2.688;0.911;
2.706;0.914;
2.718;0.914;
2.778;0.927;
2.874;0.924;
2.748;0.911;
2.774;0.925;
2.95;0.936;
2.808;0.929;
2.8;0.919;
2.814;0.928;
2.654;0.912;
2.992;0.936;
2.924;0.941;
3.03;0.933;
3.022;0.943;
2.98;0.943;
3.014;0.928;
3.142;0.932;
3.152;0.958;
3.108;0.952;
3.08;0.934;
3.132;0.947;
3.022;0.934;
3.268;0.949;
3.094;0.935;
3.088;0.955;
3.04;0.944;
3.196;0.955;
3.402;0.964;
3.322;0.959;
3.284;0.957;
3.206;0.96;
3.392;0.958;
3.39;0.97;
3.328;0.963;
3.314;0.959;
3.528;0.965;
3.57;0.967;
3.536;0.959;
3.476;0.972;
3.41;0.97;
3.428;0.96;
3.494;0.963;
3.582;0.964;
3.762;0.969;
3.632;0.963;
3.524;0.973;
3.726;0.975;
3.738;0.985;
3.756;0.969;
3.752;0.968;
3.726;0.975;
3.754;0.979;
3.838;0.975;
3.986;0.986;
3.738;0.974;
3.9;0.977;
3.894;0.986;
3.778;0.979;
3.964;0.979;
4.026;0.98;
4.08;0.985;
4.002;0.983;
4.082;0.98;
4.072;0.983;
0.008;0.002;
0.036;0.002;
0.046;0.003;
0.066;0.002;
0.094;0.003;
0.088;0.003;
0.154;0.004;
0.164;0.006;
0.154;0.006;
0.214;0.008;
0.22;0.008;
0.216;0.005;
0.24;0.006;
0.276;0.005;
0.26;0.008;
0.3;0.008;
0.3;0.006;
0.34;0.008;
0.386;0.014;
0.406;0.01;
0.394;0.006;
0.424;0.01;
0.514;0.009;
0.468;0.015;
0.448;0.01;
0.462;0.012;
0.45;0.009;
0.518;0.01;
0.544;0.011;
0.528;0.01;
0.586;0.014;
0.662;0.011;
0.594;0.012;
0.608;0.023;
0.734;0.038;
0.686;0.013;
0.778;0.027;
0.75;0.039;
0.736;0.021;
0.818;0.021;
0.816;0.02;
0.83;0.055;
0.796;0.03;
0.888;0.047;
0.902;0.034;
0.876;0.026;
0.94;0.035;
0.97;0.048;
1.014;0.124;
1.058;0.08;
1.018;0.126;
1.03;0.156;
1.102;0.227;
1.07;0.098;
1.102;0.159;
0.992;0.1;
1.116;0.162;
1.22;0.297;
1.066;0.104;
1.178;0.166;
1.208;0.202;
1.13;0.177;
1.146;0.209;
1.226;0.2;
1.25;0.396;
1.278;0.433;
1.324;0.483;
1.33;0.452;
1.328;0.457;
1.36;0.48;
1.4;0.48;
1.486;0.527;
1.358;0.488;
1.482;0.517;
1.512;0.563;
1.522;0.59;
1.548;0.614;
1.56;0.615;
1.554;0.62;
1.56;0.61;
1.634;0.685;
1.518;0.597;
1.554;0.617;
1.69;0.69;
1.722;0.717;
1.624;0.656;
1.668;0.701;
1.722;0.705;
1.774;0.728;
1.758;0.699;
1.814;0.738;
1.718;0.729;
1.866;0.735;
1.942;0.774;
1.902;0.759;
1.838;0.749;
1.748;0.73;
1.93;0.786;
1.994;0.794;
2.006;0.812;
2.094;0.829;
2.096;0.831;
2.126;0.82;
1.976;0.787;
2.106;0.808;
2.266;0.848;
2.142;0.824;
2.112;0.843;
2.124;0.824;
2.22;0.841;
2.194;0.84;
2.202;0.846;
2.258;0.864;
2.268;0.865;
2.278;0.861;
2.3;0.85;
2.344;0.867;
2.356;0.847;
2.292;0.866;
2.418;0.888;
2.352;0.864;
2.48;0.897;
2.412;0.892;
2.414;0.876;
2.374;0.888;
2.364;0.864;
2.516;0.907;
2.618;0.914;
2.632;0.907;
2.626;0.921;
2.624;0.906;
2.596;0.905;
2.546;0.904;
2.686;0.913;
2.824;0.925;
2.692;0.922;
2.808;0.916;
3.008;0.953;
2.822;0.931;
2.792;0.926;
2.82;0.938;
2.938;0.934;
2.784;0.918;
2.928;0.942;
2.832;0.917;
2.96;0.949;
2.876;0.958;
2.916;0.949;
3.118;0.95;
2.97;0.947;
3.004;0.954;
3.118;0.942;
3.102;0.945;
2.978;0.952;
3.06;0.951;
3.168;0.948;
3.18;0.965;
3.176;0.942;
2.976;0.951;
3.272;0.954;
3.274;0.952;
3.282;0.962;
3.32;0.956;
3.26;0.959;
3.098;0.949;
3.312;0.958;
3.452;0.97;
3.398;0.953;
3.37;0.95;
3.384;0.955;
3.384;0.959;
3.378;0.96;
3.476;0.966;
3.582;0.972;
3.474;0.968;
3.644;0.975;
3.488;0.973;
3.632;0.97;
3.67;0.981;
3.642;0.978;
3.524;0.974;
3.534;0.972;
3.56;0.966;
3.598;0.966;
3.59;0.969;
3.88;0.969;
3.688;0.973;
3.756;0.976;
3.748;0.976;
3.796;0.981;
3.694;0.972;
3.74;0.971;
3.786;0.977;
3.974;0.984;
3.856;0.983;
3.782;0.966;
3.86;0.979;
4.076;0.981;
4.07;0.967;
3.982;0.978;
0.006;0.002;
0.028;0.004;
0.054;0.003;
0.08;0.003;
0.08;0.004;
0.102;0.004;
0.146;0.004;
0.178;0.005;
0.188;0.005;
0.198;0.004;
0.218;0.004;
0.2;0.005;
0.244;0.007;
0.282;0.006;
0.27;0.005;
0.272;0.009;
0.348;0.006;
0.386;0.012;
0.35;0.011;
0.428;0.007;
0.416;0.007;
0.41;0.01;
0.464;0.009;
0.458;0.01;
0.484;0.014;
0.522;0.026;
0.558;0.013;
0.502;0.008;
0.52;0.018;
0.574;0.022;
0.61;0.03;
0.59;0.014;
0.66;0.019;
0.692;0.017;
0.72;0.032;
0.722;0.017;
0.756;0.017;
0.864;0.021;
0.738;0.023;
0.852;0.021;
0.824;0.021;
0.838;0.025;
0.88;0.032;
0.834;0.025;
0.864;0.077;
0.892;0.026;
0.922;0.085;
0.97;0.09;
0.916;0.03;
0.996;0.066;
0.992;0.053;
0.942;0.029;
1.056;0.128;
1.064;0.3;
1.126;0.251;
1.106;0.176;
1.178;0.133;
1.152;0.184;
1.154;0.261;
1.194;0.259;
1.12;0.144;
1.194;0.317;
1.282;0.471;
1.278;0.426;
1.192;0.374;
1.35;0.479;
1.362;0.485;
1.312;0.385;
1.374;0.482;
1.478;0.576;
1.422;0.474;
1.514;0.593;
1.504;0.598;
1.48;0.556;
1.542;0.598;
1.518;0.63;
1.548;0.628;
1.514;0.553;
1.542;0.591;
1.478;0.585;
1.608;0.645;
1.578;0.626;
1.608;0.672;
1.766;0.715;
1.78;0.704;
1.654;0.665;
1.75;0.697;
1.678;0.69;
1.786;0.714;
1.776;0.704;
1.73;0.698;
1.796;0.741;
1.814;0.721;
1.85;0.732;
1.886;0.756;
1.964;0.799;
1.914;0.788;
1.868;0.764;
2.032;0.81;
1.822;0.762;
1.9;0.739;
2.002;0.778;
2.074;0.801;
2.056;0.827;
2.06;0.809;
2.178;0.847;
2.08;0.818;
2.152;0.832;
2.096;0.812;
2.158;0.841;
2.202;0.85;
2.2;0.87;
2.166;0.833;
2.394;0.862;
2.28;0.854;
2.244;0.854;
2.378;0.866;
2.382;0.886;
2.498;0.905;
2.42;0.871;
2.424;0.871;
2.446;0.888;
2.474;0.881;
2.556;0.895;
2.546;0.911;
2.48;0.896;
2.57;0.927;
2.522;0.897;
2.406;0.874;
2.632;0.899;
2.656;0.906;
2.584;0.889;
2.634;0.9;
2.724;0.931;
2.646;0.916;
2.788;0.926;
2.76;0.936;
2.682;0.917;
2.762;0.914;
2.812;0.933;
2.786;0.917;
2.82;0.934;
2.776;0.921;
2.972;0.956;
2.814;0.928;
2.936;0.945;
2.866;0.907;
2.986;0.931;
2.896;0.926;
3.044;0.932;
3.02;0.933;
3.112;0.943;
3.124;0.949;
3.042;0.939;
3.086;0.946;
3.182;0.945;
3.228;0.957;
2.95;0.933;
3.154;0.945;
3.1;0.958;
3.196;0.951;
3.282;0.962;
3.332;0.962;
3.258;0.958;
3.29;0.96;
3.288;0.965;
3.204;0.945;
3.476;0.971;
3.414;0.968;
3.4;0.952;
3.592;0.97;
3.346;0.962;
3.486;0.961;
3.476;0.962;
3.448;0.957;
3.706;0.973;
3.498;0.96;
3.578;0.965;
3.64;0.97;
3.594;0.971;
3.61;0.968;
3.65;0.979;
3.636;0.977;
3.706;0.976;
3.656;0.97;
3.7;0.968;
3.512;0.963;
3.846;0.986;
3.814;0.988;
3.862;0.966;
3.814;0.968;
3.762;0.969;
3.738;0.97;
3.82;0.977;
3.852;0.977;
4.0;0.979;
3.92;0.979;
3.854;0.983;
3.934;0.979;
3.982;0.982;
0.01;0.002;
0.05;0.003;
0.058;0.005;
0.072;0.002;
0.106;0.003;
0.116;0.005;
0.118;0.004;
0.146;0.004;
0.186;0.004;
0.17;0.003;
0.224;0.004;
0.222;0.005;
0.284;0.006;
0.314;0.006;
0.314;0.005;
0.298;0.008;
0.29;0.007;
0.302;0.008;
0.398;0.008;
0.378;0.006;
0.392;0.009;
0.51;0.009;
0.486;0.006;
0.456;0.01;
0.498;0.017;
0.566;0.024;
0.538;0.014;
0.574;0.007;
0.57;0.02;
0.576;0.015;
0.592;0.014;
0.642;0.016;
0.668;0.031;
0.718;0.022;
0.738;0.019;
0.734;0.04;
0.688;0.01;
0.776;0.023;
0.79;0.06;
0.804;0.031;
0.826;0.021;
0.832;0.041;
0.79;0.017;
0.782;0.041;
0.95;0.08;
0.904;0.041;
0.896;0.045;
0.944;0.04;
0.998;0.104;
0.95;0.124;
0.996;0.049;
1.022;0.105;
1.078;0.095;
1.088;0.213;
1.088;0.119;
1.058;0.165;
1.124;0.178;
1.128;0.151;
1.17;0.244;
1.196;0.36;
1.18;0.271;
1.14;0.208;
1.252;0.238;
1.296;0.429;
1.282;0.392;
1.272;0.402;
1.166;0.078;
1.298;0.459;
1.436;0.522;
1.36;0.441;
1.416;0.543;
1.414;0.507;
1.514;0.603;
1.452;0.559;
1.482;0.556;
1.532;0.62;
1.636;0.658;
1.6;0.628;
1.47;0.56;
1.58;0.589;
1.554;0.623;
1.684;0.706;
1.694;0.671;
1.682;0.676;
1.738;0.718;
1.714;0.722;
1.704;0.669;
1.646;0.665;
1.698;0.679;
1.786;0.72;
1.798;0.746;
1.866;0.745;
1.846;0.753;
1.846;0.736;
1.986;0.815;
2.012;0.786;
2.034;0.811;
1.888;0.774;
1.982;0.809;
1.946;0.775;
2.042;0.795;
2.006;0.803;
2.096;0.806;
1.986;0.789;
2.028;0.819;
2.26;0.866;
2.07;0.806;
2.14;0.836;
2.196;0.849;
2.184;0.855;
2.146;0.828;
2.246;0.86;
2.378;0.88;
2.264;0.844;
2.34;0.878;
2.13;0.847;
2.306;0.851;
2.32;0.858;
2.42;0.88;
2.3;0.878;
2.238;0.852;
2.444;0.887;
2.388;0.864;
2.482;0.884;
2.4;0.852;
2.618;0.902;
2.702;0.916;
2.518;0.896;
2.702;0.919;
2.578;0.897;
2.508;0.899;
2.58;0.909;
2.648;0.913;
2.644;0.907;
2.736;0.919;
2.792;0.926;
2.872;0.922;
2.816;0.937;
2.672;0.912;
2.796;0.923;
2.882;0.945;
2.824;0.923;
2.84;0.933;
2.858;0.932;
2.826;0.939;
2.778;0.918;
2.922;0.922;
2.936;0.94;
2.912;0.935;
2.834;0.922;
2.986;0.934;
3.062;0.947;
2.966;0.939;
3.066;0.934;
3.024;0.942;
3.174;0.948;
3.176;0.953;
3.228;0.961;
3.132;0.952;
3.242;0.96;
3.14;0.946;
3.182;0.948;
3.198;0.944;
3.246;0.955;
3.306;0.956;
3.238;0.953;
3.294;0.969;
3.506;0.982;
3.418;0.951;
3.374;0.961;
3.442;0.962;
3.44;0.969;
3.488;0.961;
3.426;0.965;
3.414;0.971;
3.56;0.972;
3.53;0.968;
3.486;0.968;
3.56;0.973;
3.466;0.962;
3.534;0.976;
3.578;0.977;
3.622;0.974;
3.46;0.971;
3.614;0.966;
3.706;0.972;
3.608;0.97;
3.828;0.972;
3.894;0.986;
3.802;0.965;
3.75;0.973;
3.768;0.981;
3.84;0.975;
3.998;0.978;
3.962;0.983;
3.95;0.98;
3.808;0.979;
3.71;0.972;
3.952;0.979;
4.03;0.987;
0.014;0.002;
0.036;0.003;
0.068;0.004;
0.07;0.003;
0.122;0.003;
0.132;0.004;
0.102;0.004;
0.176;0.006;
0.184;0.007;
0.174;0.004;
0.238;0.004;
0.222;0.008;
0.25;0.003;
0.3;0.005;
0.28;0.006;
0.32;0.004;
0.362;0.006;
0.39;0.007;
0.36;0.009;
0.368;0.012;
0.42;0.014;
0.424;0.007;
0.46;0.011;
0.52;0.011;
0.498;0.01;
0.488;0.011;
0.51;0.015;
0.486;0.017;
0.536;0.014;
0.552;0.015;
0.544;0.012;
0.664;0.017;
0.706;0.02;
0.656;0.018;
0.648;0.017;
0.696;0.015;
0.716;0.023;
0.808;0.035;
0.722;0.022;
0.844;0.026;
0.916;0.044;
0.808;0.019;
0.956;0.122;
0.894;0.033;
0.932;0.03;
0.994;0.081;
0.894;0.041;
0.898;0.061;
0.984;0.065;
1.09;0.106;
1.076;0.135;
1.004;0.099;
1.08;0.131;
1.03;0.112;
1.166;0.334;
1.19;0.334;
1.096;0.144;
1.136;0.229;
1.198;0.251;
1.254;0.441;
1.164;0.12;
1.194;0.364;
1.236;0.376;
1.21;0.367;
1.324;0.461;
1.316;0.437;
1.374;0.442;
1.35;0.511;
1.354;0.503;
1.428;0.514;
1.496;0.578;
1.44;0.573;
1.482;0.557;
1.46;0.569;
1.47;0.566;
1.47;0.543;
1.552;0.641;
1.502;0.565;
1.624;0.645;
1.638;0.654;
1.642;0.701;
1.59;0.595;
1.742;0.698;
1.728;0.698;
1.746;0.73;
1.726;0.725;
1.798;0.714;
1.742;0.694;
1.802;0.706;
1.668;0.691;
1.856;0.725;
1.852;0.742;
1.772;0.704;
1.826;0.753;
1.892;0.764;
1.814;0.739;
1.988;0.799;
2.03;0.804;
1.886;0.78;
2.066;0.803;
2.006;0.795;
1.992;0.799;
2.028;0.82;
2.158;0.839;
2.062;0.805;
2.126;0.828;
2.076;0.811;
2.134;0.818;
2.182;0.834;
2.152;0.835;
2.262;0.85;
2.17;0.847;
2.232;0.844;
2.208;0.854;
2.304;0.876;
2.358;0.886;
2.29;0.86;
2.354;0.884;
2.276;0.886;
2.402;0.883;
2.32;0.845;
2.268;0.811;
2.416;0.889;
2.518;0.893;
2.378;0.886;
2.496;0.891;
2.604;0.906;
2.504;0.893;
2.742;0.932;
2.526;0.895;
2.648;0.926;
2.47;0.894;
2.646;0.904;
2.708;0.937;
2.756;0.922;
2.75;0.914;
2.562;0.902;
2.802;0.939;
2.816;0.924;
2.772;0.924;
2.796;0.93;
2.846;0.934;
2.812;0.928;
2.818;0.932;
2.888;0.933;
2.972;0.927;
3.032;0.946;
2.952;0.943;
2.96;0.947;
2.956;0.932;
3.066;0.953;
2.95;0.945;
2.988;0.941;
3.078;0.957;
3.102;0.96;
3.19;0.953;
3.112;0.948;
3.026;0.934;
3.152;0.945;
3.114;0.961;
3.266;0.961;
3.278;0.96;
3.166;0.946;
3.452;0.967;
3.256;0.954;
3.178;0.953;
3.196;0.946;
3.258;0.961;
3.328;0.948;
3.45;0.972;
3.422;0.963;
3.388;0.965;
3.444;0.959;
3.628;0.98;
3.536;0.977;
3.578;0.973;
3.504;0.973;
3.636;0.974;
3.656;0.978;
3.59;0.973;
3.806;0.985;
3.552;0.969;
3.594;0.97;
3.688;0.973;
3.772;0.969;
3.754;0.978;
3.76;0.978;
3.654;0.961;
3.76;0.975;
3.932;0.984;
3.866;0.974;
3.758;0.976;
3.878;0.975;
3.862;0.974;
3.91;0.975;
3.86;0.976;
3.894;0.98;
4.016;0.971;
4.068;0.987;
4.01;0.982;
0.012;0.002;
0.048;0.003;
0.06;0.002;
0.06;0.004;
0.088;0.003;
0.112;0.003;
0.126;0.004;
0.164;0.004;
0.182;0.006;
0.196;0.004;
0.238;0.006;
0.256;0.009;
0.272;0.006;
0.248;0.005;
0.316;0.007;
0.324;0.006;
0.316;0.005;
0.396;0.006;
0.338;0.008;
0.336;0.008;
0.438;0.008;
0.38;0.008;
0.446;0.007;
0.432;0.006;
0.502;0.011;
0.524;0.014;
0.556;0.013;
0.56;0.011;
0.572;0.018;
0.56;0.008;
0.576;0.012;
0.59;0.012;
0.614;0.015;
0.708;0.022;
0.662;0.009;
0.716;0.029;
0.688;0.043;
0.79;0.018;
0.766;0.028;
0.692;0.022;
0.852;0.057;
0.768;0.051;
0.796;0.034;
0.87;0.027;
0.864;0.029;
0.892;0.045;
0.972;0.093;
0.962;0.052;
0.992;0.054;
0.948;0.035;
0.934;0.076;
0.968;0.035;
1.118;0.207;
1.11;0.115;
1.094;0.199;
1.056;0.18;
1.174;0.243;
1.124;0.24;
1.236;0.305;
1.19;0.266;
1.112;0.267;
1.164;0.313;
1.234;0.381;
1.27;0.326;
1.264;0.42;
1.306;0.423;
1.224;0.156;
1.348;0.415;
1.398;0.529;
1.408;0.533;
1.434;0.523;
1.392;0.444;
1.35;0.456;
1.496;0.574;
1.408;0.497;
1.45;0.542;
1.544;0.633;
1.66;0.672;
1.578;0.599;
1.604;0.63;
1.666;0.666;
1.478;0.589;
1.604;0.672;
1.612;0.662;
1.69;0.692;
1.658;0.679;
1.82;0.746;
1.688;0.675;
1.854;0.758;
1.77;0.737;
1.864;0.764;
1.812;0.731;
1.828;0.748;
1.82;0.753;
1.882;0.762;
1.896;0.761;
1.922;0.784;
1.926;0.769;
1.89;0.758;
1.926;0.78;
2.046;0.817;
2.102;0.81;
2.106;0.818;
2.124;0.821;
2.06;0.81;
2.05;0.819;
2.046;0.808;
2.168;0.842;
2.234;0.865;
2.15;0.836;
2.338;0.877;
2.262;0.859;
2.276;0.854;
2.282;0.859;
2.382;0.888;
2.314;0.858;
2.276;0.848;
2.244;0.855;
2.362;0.865;
2.362;0.863;
2.306;0.857;
2.446;0.883;
2.486;0.868;
2.498;0.892;
2.544;0.896;
2.56;0.901;
2.484;0.897;
2.53;0.897;
2.574;0.903;
2.592;0.908;
2.632;0.899;
2.8;0.934;
2.568;0.893;
2.702;0.916;
2.728;0.927;
2.708;0.915;
2.786;0.922;
2.592;0.897;
2.822;0.922;
2.702;0.916;
2.878;0.938;
2.972;0.931;
2.778;0.934;
2.912;0.946;
2.856;0.923;
2.958;0.938;
2.824;0.924;
2.994;0.945;
2.974;0.931;
2.968;0.934;
2.988;0.938;
3.162;0.956;
2.92;0.945;
3.214;0.957;
3.108;0.945;
3.356;0.959;
3.132;0.961;
3.124;0.956;
3.152;0.957;
3.194;0.942;
3.204;0.957;
3.236;0.948;
3.244;0.952;
3.252;0.946;
3.2;0.944;
3.388;0.974;
3.286;0.961;
3.378;0.964;
3.454;0.969;
3.346;0.953;
3.504;0.959;
3.41;0.971;
3.534;0.972;
3.336;0.952;
3.448;0.965;
3.478;0.962;
3.486;0.968;
3.516;0.965;
3.676;0.969;
3.602;0.977;
3.642;0.975;
3.57;0.97;
3.658;0.97;
3.522;0.964;
3.518;0.965;
3.704;0.968;
3.78;0.97;
3.754;0.973;
3.72;0.967;
3.912;0.978;
3.882;0.979;
3.842;0.978;
3.77;0.979;
3.934;0.977;
3.948;0.986;
3.882;0.975;
3.92;0.976;
3.86;0.974;
3.99;0.978;
3.99;0.981;
0.012;0.002;
0.032;0.003;
0.06;0.003;
0.048;0.003;
0.08;0.003;
0.108;0.003;
0.134;0.004;
0.142;0.005;
0.148;0.004;
0.216;0.006;
0.22;0.005;
0.25;0.006;
0.272;0.005;
0.262;0.006;
0.268;0.007;
0.33;0.008;
0.326;0.006;
0.36;0.007;
0.4;0.01;
0.432;0.009;
0.418;0.011;
0.41;0.007;
0.474;0.009;
0.48;0.009;
0.514;0.007;
0.438;0.011;
0.514;0.024;
0.57;0.015;
0.564;0.011;
0.652;0.016;
0.642;0.018;
0.674;0.02;
0.662;0.024;
0.702;0.016;
0.746;0.017;
0.678;0.017;
0.754;0.02;
0.798;0.055;
0.79;0.022;
0.794;0.026;
0.86;0.02;
0.854;0.039;
0.818;0.027;
0.842;0.022;
0.84;0.019;
0.816;0.023;
0.934;0.033;
0.94;0.041;
0.852;0.018;
1.052;0.109;
0.99;0.162;
1.014;0.108;
1.032;0.123;
1.008;0.154;
1.098;0.179;
1.1;0.15;
1.078;0.278;
1.166;0.112;
1.108;0.138;
1.208;0.25;
1.184;0.244;
1.222;0.379;
1.214;0.384;
1.334;0.478;
1.344;0.44;
1.248;0.287;
1.284;0.362;
1.404;0.529;
1.416;0.517;
1.346;0.465;
1.472;0.588;
1.404;0.464;
1.492;0.587;
1.41;0.549;
1.48;0.585;
1.506;0.568;
1.604;0.617;
1.494;0.566;
1.568;0.649;
1.614;0.618;
1.556;0.657;
1.638;0.653;
1.614;0.62;
1.672;0.676;
1.698;0.669;
1.652;0.68;
1.684;0.692;
1.742;0.708;
1.848;0.744;
1.746;0.685;
1.738;0.688;
1.808;0.732;
1.842;0.725;
1.876;0.752;
1.902;0.771;
1.952;0.768;
1.966;0.792;
1.992;0.799;
1.91;0.776;
1.916;0.773;
1.982;0.789;
2.124;0.815;
2.008;0.793;
2.196;0.833;
2.014;0.813;
1.98;0.795;
2.112;0.812;
2.074;0.813;
2.246;0.858;
2.196;0.843;
2.186;0.846;
2.24;0.847;
2.216;0.832;
2.336;0.873;
2.346;0.88;
2.2;0.832;
2.23;0.812;
2.296;0.864;
2.422;0.884;
2.352;0.879;
2.462;0.881;
2.374;0.884;
2.456;0.882;
2.528;0.901;
2.428;0.882;
2.528;0.907;
2.518;0.906;
2.504;0.904;
2.544;0.911;
2.61;0.894;
2.744;0.918;
2.514;0.887;
2.57;0.892;
2.576;0.911;
2.846;0.929;
2.692;0.934;
2.796;0.916;
2.604;0.901;
2.714;0.902;
2.902;0.937;
2.928;0.937;
2.88;0.932;
2.674;0.914;
2.796;0.927;
2.938;0.95;
2.856;0.931;
2.836;0.927;
2.852;0.917;
2.978;0.935;
2.948;0.939;
2.986;0.928;
3.02;0.947;
3.056;0.944;
3.208;0.947;
3.012;0.938;
3.182;0.956;
3.314;0.955;
3.12;0.955;
3.1;0.945;
3.054;0.937;
3.142;0.956;
3.178;0.947;
3.088;0.951;
3.246;0.946;
3.13;0.942;
3.254;0.942;
3.212;0.955;
3.32;0.957;
3.476;0.967;
3.222;0.967;
3.47;0.964;
3.394;0.972;
3.374;0.955;
3.468;0.964;
3.526;0.976;
3.546;0.96;
3.512;0.976;
3.536;0.974;
3.462;0.965;
3.512;0.966;
3.63;0.977;
3.526;0.971;
3.52;0.971;
3.644;0.975;
3.694;0.976;
3.64;0.966;
3.682;0.975;
3.836;0.98;
3.814;0.976;
3.798;0.968;
3.79;0.974;
3.65;0.974;
3.85;0.978;
3.806;0.978;
3.98;0.987;
3.904;0.973;
3.804;0.979;
4.05;0.984;
4.044;0.984;
4.054;0.981;
0.018;0.002;
0.042;0.003;
0.052;0.002;
0.054;0.002;
0.078;0.003;
0.116;0.003;
0.16;0.004;
0.154;0.004;
0.138;0.004;
0.226;0.005;
0.214;0.004;
0.252;0.008;
0.254;0.006;
0.25;0.006;
0.306;0.007;
0.306;0.007;
0.328;0.006;
0.32;0.006;
0.328;0.008;
0.428;0.009;
0.438;0.01;
0.406;0.009;
0.448;0.009;
0.482;0.009;
0.512;0.015;
0.48;0.009;
0.548;0.038;
0.568;0.012;
0.576;0.01;
0.558;0.015;
0.652;0.027;
0.612;0.014;
0.62;0.013;
0.668;0.019;
0.696;0.032;
0.714;0.021;
0.712;0.025;
0.75;0.019;
0.686;0.025;
0.752;0.019;
0.762;0.019;
0.828;0.027;
0.832;0.028;
0.848;0.035;
0.946;0.072;
0.892;0.034;
0.89;0.11;
0.962;0.055;
0.978;0.06;
0.932;0.084;
1.064;0.097;
0.968;0.039;
1.076;0.209;
1.032;0.067;
1.084;0.217;
1.104;0.182;
1.268;0.348;
1.182;0.296;
1.094;0.219;
1.222;0.355;
1.304;0.421;
1.208;0.312;
1.228;0.38;
1.322;0.399;
1.258;0.379;
1.212;0.339;
1.284;0.447;
1.362;0.403;
1.384;0.457;
1.518;0.582;
1.412;0.527;
1.39;0.554;
1.39;0.543;
1.482;0.576;
1.432;0.488;
1.536;0.638;
1.564;0.619;
1.572;0.634;
1.538;0.609;
1.576;0.612;
1.626;0.639;
1.612;0.652;
1.63;0.666;
1.714;0.708;
1.656;0.655;
1.678;0.666;
1.736;0.695;
1.618;0.656;
1.684;0.682;
1.73;0.692;
1.878;0.765;
1.776;0.715;
1.854;0.756;
1.87;0.738;
1.936;0.787;
1.928;0.763;
1.838;0.742;
1.982;0.807;
1.93;0.77;
2.026;0.812;
2.112;0.841;
2.03;0.822;
2.076;0.8;
1.956;0.794;
2.124;0.819;
2.138;0.831;
2.122;0.84;
2.202;0.833;
2.286;0.861;
2.158;0.834;
2.11;0.831;
2.164;0.834;
2.242;0.854;
2.208;0.847;
2.326;0.88;
2.304;0.855;
2.348;0.867;
2.488;0.894;
2.352;0.872;
2.408;0.873;
2.504;0.894;
2.458;0.892;
2.494;0.889;
2.48;0.896;
2.484;0.882;
2.446;0.872;
2.57;0.899;
2.628;0.909;
2.604;0.896;
2.622;0.914;
2.628;0.923;
2.732;0.917;
2.512;0.895;
2.664;0.904;
2.622;0.909;
2.738;0.9;
2.74;0.915;
2.798;0.934;
2.794;0.944;
2.76;0.923;
2.834;0.927;
2.738;0.932;
2.888;0.923;
2.982;0.94;
2.88;0.912;
2.892;0.93;
2.952;0.94;
2.878;0.941;
3.062;0.94;
2.93;0.943;
3.258;0.971;
3.09;0.938;
3.12;0.942;
2.924;0.92;
3.028;0.945;
3.11;0.937;
3.25;0.954;
3.048;0.947;
3.336;0.961;
3.194;0.947;
3.094;0.953;
3.272;0.946;
3.038;0.946;
3.206;0.95;
3.392;0.969;
3.21;0.958;
3.376;0.965;
3.294;0.962;
3.424;0.958;
3.386;0.962;
3.488;0.979;
3.402;0.967;
3.392;0.971;
3.358;0.966;
3.482;0.964;
3.368;0.961;
3.428;0.959;
3.46;0.957;
3.494;0.963;
3.624;0.972;
3.736;0.97;
3.594;0.967;
3.62;0.971;
3.75;0.975;
3.872;0.976;
3.748;0.966;
3.786;0.981;
3.768;0.978;
3.76;0.976;
3.746;0.981;
3.784;0.97;
3.846;0.971;
3.846;0.976;
3.726;0.972;
3.802;0.98;
3.862;0.981;
3.948;0.98;
4.052;0.986;
4.084;0.978;
4.102;0.979;
0.02;0.002;
0.028;0.002;
0.054;0.003;
0.068;0.003;
0.09;0.004;
0.158;0.003;
0.134;0.003;
0.15;0.004;
0.158;0.004;
0.186;0.004;
0.21;0.005;
0.28;0.006;
0.264;0.005;
0.27;0.007;
0.312;0.006;
0.254;0.006;
0.296;0.007;
0.31;0.006;
0.38;0.008;
0.388;0.008;
0.366;0.008;
0.402;0.013;
0.426;0.01;
0.474;0.012;
0.49;0.008;
0.53;0.011;
0.538;0.013;
0.572;0.012;
0.578;0.013;
0.618;0.012;
0.576;0.011;
0.656;0.018;
0.654;0.031;
0.646;0.011;
0.67;0.017;
0.76;0.032;
0.754;0.026;
0.786;0.031;
0.7;0.023;
0.728;0.018;
0.848;0.04;
0.83;0.033;
0.794;0.028;
0.914;0.058;
0.882;0.028;
0.916;0.086;
0.864;0.039;
0.994;0.046;
0.992;0.061;
1.062;0.256;
0.968;0.085;
1.046;0.044;
1.128;0.091;
1.06;0.081;
0.988;0.085;
1.136;0.205;
1.208;0.399;
1.104;0.152;
1.14;0.148;
1.158;0.195;
1.258;0.353;
1.25;0.395;
1.2;0.347;
1.23;0.386;
1.282;0.409;
1.21;0.364;
1.316;0.434;
1.292;0.483;
1.374;0.495;
1.274;0.422;
1.468;0.579;
1.396;0.504;
1.42;0.527;
1.422;0.554;
1.434;0.554;
1.554;0.637;
1.534;0.622;
1.538;0.59;
1.586;0.659;
1.592;0.648;
1.582;0.667;
1.562;0.639;
1.59;0.628;
1.612;0.648;
1.634;0.653;
1.704;0.708;
1.702;0.682;
1.734;0.7;
1.83;0.749;
1.758;0.726;
1.746;0.687;
1.784;0.704;
1.83;0.725;
1.938;0.791;
1.924;0.779;
1.872;0.771;
1.992;0.768;
1.974;0.819;
2.09;0.823;
1.984;0.793;
1.992;0.78;
2.124;0.84;
2.11;0.806;
2.056;0.812;
2.146;0.842;
2.132;0.838;
2.164;0.852;
2.236;0.84;
2.102;0.816;
2.106;0.824;
2.168;0.841;
2.344;0.861;
2.214;0.841;
2.242;0.855;
2.27;0.856;
2.258;0.849;
2.252;0.833;
2.308;0.855;
2.472;0.879;
2.418;0.89;
2.492;0.901;
2.49;0.879;
2.502;0.892;
2.498;0.885;
2.408;0.902;
2.6;0.91;
2.624;0.908;
2.524;0.894;
2.612;0.882;
2.624;0.911;
2.442;0.902;
2.518;0.916;
2.552;0.897;
2.638;0.897;
2.796;0.934;
2.706;0.906;
2.654;0.934;
2.756;0.918;
2.756;0.929;
2.764;0.925;
2.79;0.927;
2.694;0.917;
2.942;0.932;
2.864;0.927;
2.842;0.928;
2.81;0.919;
2.878;0.933;
3.016;0.94;
2.788;0.925;
2.996;0.94;
2.93;0.942;
3.186;0.952;
2.98;0.936;
3.096;0.943;
3.17;0.933;
3.138;0.946;
3.186;0.952;
3.042;0.938;
3.318;0.951;
3.196;0.953;
3.308;0.954;
3.158;0.946;
3.284;0.958;
3.228;0.953;
3.188;0.961;
3.382;0.976;
3.278;0.95;
3.51;0.963;
3.258;0.956;
3.242;0.955;
3.258;0.952;
3.398;0.963;
3.362;0.965;
3.53;0.964;
3.458;0.968;
3.558;0.98;
3.61;0.966;
3.502;0.958;
3.512;0.97;
3.502;0.962;
3.664;0.971;
3.644;0.972;
3.706;0.979;
3.526;0.965;
3.5;0.966;
3.594;0.968;
3.856;0.981;
3.896;0.977;
3.71;0.97;
3.786;0.978;
3.872;0.98;
3.808;0.977;
3.842;0.977;
3.706;0.973;
3.832;0.971;
3.874;0.976;
3.82;0.974;
3.912;0.979;
3.96;0.983;
3.92;0.967;
0.012;0.002;
0.028;0.002;
0.046;0.002;
0.068;0.003;
0.096;0.003;
0.116;0.003;
0.122;0.004;
0.166;0.008;
0.164;0.004;
0.208;0.005;
0.268;0.008;
0.234;0.005;
0.26;0.007;
0.248;0.004;
0.32;0.006;
0.314;0.008;
0.318;0.005;
0.342;0.006;
0.378;0.01;
0.422;0.015;
0.374;0.006;
0.454;0.009;
0.408;0.008;
0.46;0.008;
0.514;0.02;
0.494;0.009;
0.586;0.012;
0.52;0.017;
0.534;0.017;
0.54;0.011;
0.656;0.017;
0.62;0.019;
0.67;0.015;
0.672;0.024;
0.722;0.013;
0.688;0.019;
0.742;0.026;
0.748;0.023;
0.794;0.019;
0.69;0.029;
0.828;0.056;
0.864;0.037;
0.824;0.029;
0.892;0.06;
0.936;0.08;
0.84;0.075;
0.89;0.048;
0.954;0.049;
0.946;0.048;
1.038;0.185;
1.048;0.185;
1.02;0.049;
1.09;0.241;
1.106;0.264;
1.098;0.219;
1.192;0.279;
1.092;0.23;
1.194;0.323;
1.194;0.387;
1.12;0.209;
1.144;0.109;
1.26;0.413;
1.178;0.204;
1.232;0.254;
1.294;0.435;
1.356;0.505;
1.25;0.349;
1.432;0.539;
1.37;0.466;
1.518;0.611;
1.378;0.493;
1.438;0.507;
1.474;0.552;
1.542;0.601;
1.436;0.534;
1.56;0.589;
1.508;0.577;
1.524;0.577;
1.58;0.628;
1.584;0.644;
1.534;0.603;
1.628;0.676;
1.592;0.648;
1.63;0.664;
1.606;0.656;
1.624;0.668;
1.838;0.752;
1.708;0.684;
1.802;0.744;
1.754;0.729;
1.768;0.72;
1.776;0.747;
1.872;0.768;
1.798;0.746;
1.938;0.784;
1.944;0.794;
1.882;0.773;
1.97;0.813;
1.986;0.806;
1.888;0.778;
1.988;0.797;
2.038;0.794;
1.904;0.776;
2.15;0.841;
2.098;0.824;
2.03;0.798;
2.052;0.811;
2.094;0.817;
2.13;0.824;
2.186;0.853;
2.18;0.821;
2.218;0.834;
2.252;0.859;
2.126;0.838;
2.216;0.838;
2.34;0.859;
2.282;0.861;
2.372;0.877;
2.432;0.896;
2.412;0.88;
2.368;0.857;
2.49;0.889;
2.462;0.905;
2.488;0.88;
2.51;0.889;
2.42;0.889;
2.528;0.906;
2.626;0.906;
2.496;0.899;
2.716;0.926;
2.586;0.901;
2.644;0.928;
2.732;0.915;
2.742;0.912;
2.722;0.918;
2.706;0.909;
2.7;0.916;
2.796;0.915;
2.762;0.917;
2.888;0.938;
2.806;0.918;
2.81;0.93;
2.888;0.944;
2.97;0.943;
2.844;0.929;
2.844;0.935;
2.964;0.942;
2.962;0.949;
2.94;0.925;
2.9;0.935;
3.08;0.943;
3.126;0.951;
3.192;0.939;
3.184;0.951;
3.044;0.939;
3.104;0.944;
3.126;0.954;
3.096;0.934;
3.13;0.949;
3.106;0.947;
3.094;0.939;
3.286;0.965;
3.152;0.947;
3.394;0.962;
3.332;0.961;
3.154;0.955;
3.296;0.954;
3.31;0.968;
3.354;0.953;
3.268;0.953;
3.488;0.956;
3.566;0.971;
3.42;0.961;
3.332;0.964;
3.492;0.964;
3.596;0.971;
3.464;0.968;
3.418;0.964;
3.596;0.975;
3.64;0.967;
3.566;0.955;
3.642;0.971;
3.434;0.951;
3.598;0.968;
3.836;0.976;
3.512;0.97;
3.648;0.974;
3.906;0.978;
3.786;0.969;
3.606;0.974;
3.712;0.962;
3.888;0.98;
3.81;0.976;
3.956;0.982;
3.772;0.972;
3.886;0.972;
3.892;0.971;
3.958;0.979;
3.96;0.975;
4.008;0.989;
0.014;0.002;
0.02;0.002;
0.044;0.002;
0.064;0.002;
0.07;0.003;
0.09;0.003;
0.118;0.003;
0.136;0.004;
0.184;0.005;
0.176;0.004;
0.21;0.004;
0.2;0.005;
0.246;0.005;
0.23;0.006;
0.264;0.005;
0.312;0.008;
0.312;0.005;
0.372;0.006;
0.356;0.007;
0.406;0.008;
0.4;0.008;
0.37;0.007;
0.444;0.013;
0.488;0.016;
0.49;0.009;
0.55;0.012;
0.544;0.018;
0.648;0.016;
0.554;0.015;
0.632;0.019;
0.662;0.019;
0.648;0.018;
0.596;0.018;
0.668;0.013;
0.72;0.018;
0.718;0.017;
0.636;0.023;
0.73;0.02;
0.74;0.022;
0.758;0.042;
0.818;0.079;
0.794;0.023;
0.76;0.035;
0.924;0.071;
0.808;0.053;
0.87;0.038;
0.902;0.04;
0.954;0.191;
0.952;0.144;
1.008;0.057;
1.018;0.131;
1.014;0.172;
1.054;0.124;
1.02;0.129;
1.088;0.037;
1.15;0.134;
1.182;0.387;
1.118;0.195;
1.094;0.077;
1.128;0.187;
1.228;0.282;
1.246;0.164;
1.19;0.366;
1.292;0.439;
1.298;0.403;
1.32;0.403;
1.312;0.409;
1.472;0.565;
1.32;0.486;
1.378;0.53;
1.39;0.547;
1.396;0.502;
1.422;0.486;
1.518;0.595;
1.476;0.525;
1.506;0.558;
1.564;0.624;
1.592;0.648;
1.634;0.65;
1.646;0.678;
1.578;0.629;
1.752;0.707;
1.508;0.624;
1.626;0.665;
1.69;0.7;
1.842;0.767;
1.77;0.746;
1.768;0.723;
1.778;0.736;
1.74;0.705;
1.828;0.733;
1.82;0.727;
1.906;0.784;
1.944;0.788;
1.874;0.764;
2.026;0.798;
1.886;0.758;
1.872;0.749;
2.02;0.81;
2.076;0.818;
1.99;0.798;
2.04;0.79;
1.942;0.786;
2.12;0.834;
2.062;0.802;
2.04;0.814;
2.106;0.838;
2.062;0.799;
2.236;0.84;
2.106;0.831;
2.204;0.857;
2.334;0.868;
2.216;0.839;
2.252;0.849;
2.17;0.829;
2.402;0.874;
2.464;0.878;
2.394;0.86;
2.424;0.891;
2.38;0.873;
2.48;0.899;
2.316;0.854;
2.406;0.881;
2.434;0.888;
2.442;0.883;
2.516;0.897;
2.542;0.902;
2.578;0.897;
2.65;0.921;
2.574;0.911;
2.606;0.9;
2.718;0.932;
2.546;0.898;
2.614;0.916;
2.698;0.91;
2.746;0.925;
2.63;0.905;
2.642;0.914;
2.816;0.932;
2.698;0.916;
2.774;0.926;
2.754;0.945;
2.736;0.911;
3.024;0.95;
2.884;0.92;
2.8;0.926;
2.954;0.946;
3.068;0.94;
2.98;0.942;
3.008;0.953;
3.042;0.953;
2.91;0.942;
3.036;0.939;
3.044;0.941;
3.034;0.941;
3.156;0.942;
3.136;0.952;
3.11;0.958;
3.12;0.952;
3.19;0.952;
3.27;0.952;
3.178;0.956;
3.34;0.966;
3.252;0.948;
3.196;0.952;
3.218;0.955;
3.276;0.958;
3.362;0.973;
3.398;0.955;
3.53;0.97;
3.494;0.961;
3.462;0.979;
3.434;0.971;
3.57;0.962;
3.372;0.954;
3.64;0.971;
3.53;0.963;
3.59;0.967;
3.418;0.97;
3.578;0.974;
3.492;0.973;
3.774;0.971;
3.76;0.973;
3.774;0.976;
3.73;0.981;
3.6;0.963;
3.8;0.977;
3.602;0.964;
3.68;0.97;
3.792;0.977;
3.786;0.968;
3.916;0.976;
3.708;0.973;
3.916;0.984;
3.802;0.975;
4.066;0.977;
3.928;0.981;
4.038;0.982;
3.948;0.977;
4.168;0.988;
0.002;0.002;
0.028;0.002;
0.054;0.003;
0.04;0.002;
0.104;0.003;
0.104;0.003;
0.136;0.004;
0.15;0.004;
0.166;0.004;
0.19;0.005;
0.196;0.005;
0.248;0.005;
0.238;0.005;
0.292;0.007;
0.288;0.005;
0.284;0.004;
0.362;0.007;
0.348;0.006;
0.368;0.007;
0.404;0.015;
0.4;0.006;
0.406;0.008;
0.442;0.007;
0.482;0.011;
0.508;0.014;
0.528;0.016;
0.57;0.01;
0.602;0.013;
0.516;0.011;
0.6;0.021;
0.626;0.012;
0.596;0.009;
0.672;0.016;
0.634;0.012;
0.722;0.03;
0.734;0.014;
0.762;0.052;
0.706;0.012;
0.746;0.017;
0.808;0.022;
0.742;0.021;
0.812;0.03;
0.82;0.015;
0.854;0.054;
0.87;0.056;
0.918;0.033;
0.942;0.049;
1.016;0.086;
1.044;0.058;
1.0;0.11;
0.99;0.106;
1.026;0.232;
1.066;0.164;
1.084;0.129;
1.114;0.186;
1.064;0.115;
1.08;0.106;
1.224;0.362;
1.2;0.36;
1.072;0.161;
1.228;0.329;
1.144;0.199;
1.336;0.422;
1.222;0.423;
1.274;0.433;
1.186;0.296;
1.26;0.4;
1.3;0.465;
1.368;0.495;
1.444;0.553;
1.39;0.502;
1.428;0.501;
1.432;0.509;
1.346;0.45;
1.468;0.559;
1.588;0.634;
1.518;0.58;
1.576;0.623;
1.512;0.616;
1.624;0.624;
1.654;0.707;
1.612;0.665;
1.572;0.596;
1.642;0.654;
1.686;0.688;
1.714;0.719;
1.746;0.716;
1.742;0.733;
1.766;0.715;
1.782;0.731;
1.658;0.681;
1.878;0.778;
1.764;0.706;
1.886;0.755;
1.85;0.762;
1.916;0.796;
1.896;0.771;
1.964;0.786;
1.932;0.797;
1.966;0.784;
2.116;0.823;
1.906;0.797;
2.052;0.802;
1.96;0.756;
2.11;0.829;
1.964;0.77;
2.18;0.839;
2.154;0.81;
2.29;0.867;
2.288;0.863;
2.2;0.841;
2.25;0.855;
2.184;0.856;
2.218;0.853;
2.296;0.86;
2.342;0.867;
2.352;0.86;
2.246;0.85;
2.46;0.883;
2.302;0.862;
2.366;0.872;
2.43;0.882;
2.446;0.88;
2.552;0.902;
2.444;0.881;
2.524;0.872;
2.598;0.898;
2.44;0.881;
2.448;0.88;
2.618;0.9;
2.642;0.917;
2.532;0.905;
2.788;0.925;
2.554;0.89;
2.736;0.914;
2.872;0.928;
2.728;0.925;
2.804;0.936;
2.7;0.918;
2.892;0.924;
2.68;0.928;
2.886;0.942;
2.818;0.929;
2.986;0.936;
2.968;0.949;
2.856;0.931;
3.048;0.947;
2.928;0.941;
2.916;0.937;
3.004;0.946;
3.012;0.938;
3.108;0.934;
3.206;0.956;
3.136;0.952;
3.12;0.951;
3.162;0.955;
3.12;0.948;
3.132;0.956;
3.042;0.942;
3.15;0.954;
3.384;0.961;
3.18;0.95;
3.296;0.961;
3.318;0.963;
3.176;0.963;
3.292;0.962;
3.45;0.966;
3.434;0.969;
3.372;0.962;
3.378;0.959;
3.482;0.962;
3.522;0.971;
3.486;0.969;
3.49;0.965;
3.358;0.96;
3.59;0.972;
3.48;0.963;
3.488;0.971;
3.53;0.969;
3.626;0.961;
3.52;0.955;
3.7;0.977;
3.546;0.96;
3.828;0.973;
3.736;0.973;
3.606;0.973;
3.622;0.965;
3.736;0.979;
3.802;0.974;
3.784;0.979;
3.676;0.975;
3.836;0.986;
3.864;0.984;
3.946;0.975;
3.95;0.984;
3.814;0.975;
3.914;0.975;
3.9;0.982;
4.036;0.98;
4.11;0.989;
0.014;0.002;
0.03;0.002;
0.046;0.002;
0.074;0.003;
0.092;0.003;
0.096;0.004;
0.12;0.005;
0.144;0.005;
0.172;0.005;
0.194;0.005;
0.198;0.005;
0.22;0.006;
0.244;0.006;
0.24;0.005;
0.312;0.008;
0.34;0.007;
0.326;0.007;
0.352;0.007;
0.376;0.006;
0.398;0.007;
0.462;0.017;
0.408;0.006;
0.422;0.011;
0.446;0.007;
0.45;0.007;
0.524;0.018;
0.488;0.01;
0.544;0.013;
0.562;0.012;
0.572;0.012;
0.588;0.01;
0.652;0.02;
0.66;0.016;
0.658;0.017;
0.68;0.03;
0.694;0.014;
0.674;0.019;
0.752;0.022;
0.71;0.031;
0.79;0.027;
0.788;0.04;
0.842;0.028;
0.874;0.035;
0.868;0.116;
0.89;0.031;
0.852;0.025;
1.062;0.141;
0.956;0.118;
0.994;0.11;
0.964;0.036;
0.95;0.05;
1.006;0.163;
0.964;0.038;
1.138;0.23;
1.054;0.18;
1.206;0.272;
1.074;0.073;
1.146;0.245;
1.178;0.285;
1.108;0.078;
1.25;0.391;
1.174;0.251;
1.27;0.33;
1.204;0.287;
1.334;0.498;
1.374;0.443;
1.328;0.333;
1.352;0.485;
1.338;0.418;
1.462;0.523;
1.414;0.524;
1.458;0.536;
1.404;0.56;
1.584;0.63;
1.456;0.53;
1.442;0.568;
1.604;0.641;
1.488;0.597;
1.59;0.671;
1.55;0.622;
1.512;0.603;
1.574;0.578;
1.54;0.614;
1.654;0.679;
1.624;0.665;
1.674;0.691;
1.726;0.728;
1.754;0.723;
1.748;0.705;
1.85;0.718;
1.798;0.732;
1.914;0.769;
1.936;0.761;
1.778;0.731;
1.776;0.734;
1.832;0.755;
1.956;0.794;
1.984;0.777;
1.974;0.78;
2.034;0.806;
2.062;0.83;
1.986;0.793;
2.04;0.801;
1.944;0.798;
2.102;0.832;
2.038;0.818;
2.152;0.827;
2.162;0.819;
2.186;0.833;
2.102;0.828;
2.24;0.832;
2.214;0.861;
2.192;0.85;
2.34;0.869;
2.232;0.852;
2.286;0.852;
2.398;0.894;
2.446;0.877;
2.286;0.844;
2.394;0.886;
2.522;0.908;
2.382;0.881;
2.408;0.887;
2.556;0.919;
2.398;0.881;
2.406;0.875;
2.432;0.888;
2.654;0.908;
2.484;0.903;
2.55;0.911;
2.574;0.894;
2.588;0.905;
2.686;0.896;
2.632;0.908;
2.692;0.918;
2.608;0.902;
2.812;0.925;
2.73;0.928;
2.794;0.921;
2.844;0.93;
2.816;0.923;
2.872;0.938;
2.858;0.924;
2.818;0.926;
2.93;0.938;
2.88;0.926;
2.948;0.933;
3.0;0.938;
2.848;0.925;
2.97;0.933;
2.976;0.926;
3.182;0.947;
3.028;0.961;
3.034;0.947;
3.136;0.943;
3.022;0.929;
3.25;0.958;
3.204;0.95;
3.212;0.956;
3.202;0.956;
3.044;0.942;
3.254;0.943;
3.442;0.958;
3.08;0.946;
3.312;0.956;
3.386;0.962;
3.404;0.963;
3.346;0.967;
3.486;0.969;
3.384;0.951;
3.236;0.95;
3.276;0.96;
3.446;0.964;
3.54;0.97;
3.532;0.974;
3.518;0.97;
3.51;0.964;
3.528;0.972;
3.562;0.972;
3.556;0.975;
3.54;0.96;
3.63;0.957;
3.82;0.98;
3.736;0.975;
3.734;0.97;
3.7;0.969;
3.732;0.97;
3.644;0.968;
3.782;0.977;
3.924;0.983;
3.726;0.972;
3.868;0.978;
3.97;0.985;
3.87;0.981;
3.69;0.971;
3.83;0.973;
3.934;0.982;
4.044;0.983;
4.0;0.97;
4.076;0.978;
0.014;0.002;
0.038;0.003;
0.046;0.002;
0.078;0.005;
0.094;0.003;
0.14;0.004;
0.15;0.005;
0.138;0.005;
0.16;0.004;
0.204;0.007;
0.162;0.003;
0.272;0.005;
0.294;0.005;
0.246;0.006;
0.272;0.008;
0.258;0.004;
0.316;0.01;
0.326;0.008;
0.392;0.009;
0.398;0.007;
0.382;0.016;
0.466;0.011;
0.454;0.013;
0.458;0.015;
0.456;0.008;
0.528;0.012;
0.472;0.015;
0.57;0.012;
0.54;0.009;
0.59;0.014;
0.566;0.009;
0.672;0.014;
0.712;0.011;
0.704;0.015;
0.724;0.011;
0.75;0.021;
0.826;0.036;
0.776;0.018;
0.744;0.027;
0.744;0.036;
0.858;0.07;
0.828;0.062;
0.922;0.037;
0.858;0.065;
0.818;0.028;
0.882;0.025;
0.946;0.026;
0.944;0.079;
0.956;0.025;
0.998;0.086;
0.972;0.112;
1.03;0.062;
1.04;0.101;
1.078;0.045;
1.044;0.2;
1.048;0.166;
1.072;0.22;
1.218;0.356;
1.124;0.14;
1.232;0.382;
1.246;0.324;
1.2;0.341;
1.288;0.46;
1.232;0.335;
1.274;0.407;
1.36;0.519;
1.354;0.356;
1.422;0.55;
1.358;0.456;
1.448;0.578;
1.39;0.511;
1.342;0.489;
1.428;0.509;
1.542;0.614;
1.502;0.583;
1.5;0.567;
1.512;0.596;
1.446;0.551;
1.602;0.667;
1.63;0.661;
1.612;0.629;
1.574;0.638;
1.686;0.684;
1.566;0.617;
1.568;0.641;
1.668;0.688;
1.814;0.727;
1.86;0.75;
1.818;0.755;
1.786;0.7;
1.744;0.715;
1.73;0.719;
1.878;0.768;
1.866;0.748;
1.904;0.758;
1.87;0.775;
1.918;0.763;
1.93;0.769;
2.01;0.804;
1.902;0.764;
1.966;0.788;
2.026;0.792;
2.076;0.82;
2.102;0.826;
2.144;0.83;
2.096;0.821;
2.128;0.83;
2.1;0.828;
2.224;0.844;
2.136;0.836;
2.158;0.848;
2.2;0.829;
2.312;0.862;
2.368;0.853;
2.278;0.861;
2.284;0.863;
2.328;0.86;
2.276;0.853;
2.378;0.872;
2.344;0.876;
2.476;0.886;
2.478;0.89;
2.498;0.902;
2.492;0.895;
2.54;0.878;
2.55;0.891;
2.492;0.895;
2.514;0.898;
2.524;0.9;
2.572;0.914;
2.588;0.903;
2.48;0.888;
2.552;0.889;
2.564;0.909;
2.694;0.897;
2.578;0.896;
2.786;0.922;
2.8;0.926;
2.77;0.917;
2.786;0.929;
2.876;0.92;
2.728;0.911;
2.822;0.918;
2.978;0.955;
2.94;0.926;
2.864;0.936;
2.918;0.926;
3.054;0.941;
2.968;0.936;
2.744;0.932;
3.006;0.943;
2.974;0.935;
3.008;0.944;
3.084;0.949;
3.114;0.941;
3.142;0.951;
2.996;0.933;
3.122;0.949;
3.192;0.955;
3.3;0.96;
3.35;0.966;
3.19;0.954;
3.42;0.959;
3.35;0.958;
3.28;0.966;
3.232;0.951;
3.284;0.965;
3.37;0.948;
3.574;0.967;
3.542;0.97;
3.278;0.949;
3.358;0.96;
3.634;0.97;
3.506;0.964;
3.472;0.947;
3.454;0.967;
3.506;0.971;
3.582;0.972;
3.532;0.964;
3.488;0.97;
3.542;0.954;
3.578;0.977;
3.512;0.966;
3.702;0.981;
3.774;0.977;
3.65;0.966;
3.734;0.973;
3.68;0.97;
3.878;0.979;
3.646;0.968;
3.994;0.974;
3.836;0.974;
3.78;0.976;
3.98;0.98;
3.964;0.983;
3.998;0.983;
4.026;0.978;
3.828;0.979;
4.018;0.986;
4.074;0.978;
0.012;0.002;
0.044;0.003;
0.044;0.002;
0.054;0.003;
0.096;0.003;
0.102;0.005;
0.138;0.004;
0.174;0.003;
0.17;0.004;
0.186;0.004;
0.19;0.005;
0.244;0.006;
0.226;0.004;
0.256;0.004;
0.292;0.006;
0.35;0.006;
0.348;0.006;
0.308;0.008;
0.426;0.011;
0.408;0.009;
0.414;0.01;
0.428;0.011;
0.438;0.008;
0.454;0.019;
0.472;0.011;
0.528;0.011;
0.488;0.01;
0.534;0.01;
0.582;0.012;
0.612;0.022;
0.58;0.01;
0.582;0.017;
0.654;0.013;
0.598;0.011;
0.544;0.009;
0.736;0.027;
0.75;0.021;
0.7;0.014;
0.806;0.026;
0.774;0.023;
0.784;0.028;
0.82;0.047;
0.854;0.081;
0.858;0.041;
0.914;0.042;
0.926;0.028;
0.868;0.036;
0.914;0.1;
1.032;0.203;
1.036;0.138;
1.038;0.061;
1.018;0.099;
1.12;0.253;
1.052;0.236;
1.096;0.149;
1.158;0.307;
1.074;0.075;
1.128;0.325;
1.118;0.183;
1.188;0.171;
1.256;0.401;
1.182;0.314;
1.292;0.355;
1.338;0.491;
1.22;0.397;
1.346;0.396;
1.368;0.495;
1.32;0.382;
1.416;0.499;
1.392;0.509;
1.378;0.418;
1.382;0.413;
1.404;0.537;
1.522;0.624;
1.546;0.637;
1.552;0.631;
1.582;0.623;
1.506;0.566;
1.596;0.619;
1.61;0.635;
1.63;0.666;
1.604;0.633;
1.718;0.687;
1.63;0.666;
1.78;0.751;
1.696;0.718;
1.596;0.633;
1.842;0.74;
1.702;0.688;
1.72;0.701;
1.808;0.744;
1.834;0.744;
1.9;0.788;
1.778;0.713;
1.996;0.795;
1.952;0.819;
1.908;0.757;
1.818;0.748;
1.982;0.805;
1.982;0.794;
2.094;0.831;
2.11;0.835;
2.04;0.808;
2.136;0.838;
2.152;0.84;
2.09;0.833;
2.16;0.841;
2.152;0.842;
2.316;0.874;
2.114;0.834;
2.236;0.845;
2.184;0.861;
2.224;0.857;
2.326;0.854;
2.244;0.848;
2.412;0.879;
2.386;0.855;
2.436;0.879;
2.444;0.874;
2.426;0.89;
2.354;0.884;
2.452;0.886;
2.552;0.909;
2.516;0.884;
2.536;0.895;
2.542;0.886;
2.56;0.912;
2.542;0.895;
2.492;0.914;
2.526;0.871;
2.56;0.916;
2.464;0.901;
2.636;0.917;
2.54;0.896;
2.742;0.924;
2.756;0.918;
2.752;0.936;
2.772;0.943;
2.746;0.913;
2.858;0.921;
2.762;0.931;
2.784;0.93;
2.942;0.943;
2.762;0.932;
2.984;0.953;
2.898;0.932;
2.918;0.925;
2.854;0.936;
2.936;0.941;
2.93;0.924;
2.904;0.927;
3.096;0.943;
2.92;0.935;
3.13;0.951;
2.916;0.935;
3.084;0.942;
3.15;0.961;
3.082;0.947;
3.284;0.951;
3.086;0.951;
3.182;0.956;
3.192;0.936;
3.284;0.956;
3.098;0.957;
3.268;0.96;
3.28;0.947;
3.204;0.959;
3.614;0.974;
3.434;0.957;
3.458;0.963;
3.246;0.961;
3.352;0.965;
3.412;0.96;
3.354;0.965;
3.646;0.975;
3.506;0.967;
3.422;0.966;
3.67;0.977;
3.488;0.961;
3.792;0.981;
3.53;0.971;
3.55;0.967;
3.598;0.963;
3.63;0.971;
3.77;0.974;
3.724;0.967;
3.56;0.972;
3.76;0.979;
3.732;0.976;
3.826;0.977;
3.738;0.98;
3.894;0.977;
3.944;0.984;
3.888;0.975;
4.034;0.988;
3.934;0.982;
4.07;0.978;
3.914;0.98;
4.014;0.978;
4.012;0.974;
0.008;0.002;
0.024;0.002;
0.054;0.003;
0.056;0.003;
0.08;0.004;
0.1;0.004;
0.122;0.004;
0.144;0.004;
0.162;0.004;
0.218;0.004;
0.206;0.004;
0.212;0.005;
0.258;0.007;
0.264;0.004;
0.272;0.007;
0.33;0.011;
0.306;0.009;
0.358;0.007;
0.386;0.008;
0.346;0.006;
0.422;0.009;
0.434;0.008;
0.44;0.01;
0.502;0.01;
0.49;0.01;
0.614;0.015;
0.554;0.03;
0.594;0.012;
0.55;0.016;
0.604;0.013;
0.612;0.011;
0.592;0.017;
0.664;0.02;
0.702;0.033;
0.692;0.02;
0.69;0.018;
0.764;0.028;
0.78;0.021;
0.724;0.018;
0.716;0.019;
0.802;0.02;
0.818;0.03;
0.834;0.028;
0.924;0.054;
0.86;0.056;
0.906;0.032;
0.976;0.078;
0.9;0.051;
0.928;0.056;
1.01;0.181;
1.016;0.075;
1.032;0.102;
1.022;0.127;
1.01;0.08;
1.09;0.214;
1.106;0.085;
1.152;0.246;
1.154;0.362;
1.196;0.383;
1.186;0.204;
1.134;0.134;
1.228;0.311;
1.312;0.457;
1.256;0.43;
1.3;0.454;
1.38;0.497;
1.31;0.434;
1.33;0.494;
1.446;0.555;
1.43;0.482;
1.386;0.448;
1.344;0.468;
1.452;0.546;
1.318;0.444;
1.538;0.618;
1.47;0.564;
1.558;0.626;
1.51;0.609;
1.576;0.618;
1.562;0.599;
1.644;0.669;
1.554;0.586;
1.624;0.686;
1.602;0.641;
1.618;0.657;
1.838;0.746;
1.66;0.665;
1.754;0.71;
1.818;0.762;
1.804;0.728;
1.73;0.697;
1.826;0.733;
1.834;0.747;
1.878;0.766;
1.96;0.803;
1.93;0.763;
1.904;0.771;
1.89;0.787;
1.914;0.77;
1.996;0.796;
2.02;0.812;
2.074;0.817;
2.054;0.806;
1.988;0.783;
2.08;0.816;
2.042;0.809;
2.076;0.812;
2.094;0.815;
2.21;0.85;
2.248;0.849;
2.278;0.864;
2.156;0.832;
2.282;0.863;
2.404;0.889;
2.306;0.862;
2.326;0.871;
2.294;0.872;
2.258;0.873;
2.474;0.895;
2.432;0.885;
2.342;0.873;
2.522;0.89;
2.428;0.893;
2.5;0.906;
2.392;0.87;
2.532;0.907;
2.692;0.913;
2.562;0.892;
2.606;0.912;
2.55;0.901;
2.566;0.886;
2.524;0.91;
2.692;0.924;
2.7;0.912;
2.744;0.93;
2.71;0.922;
2.746;0.916;
2.744;0.92;
2.742;0.92;
2.782;0.923;
2.87;0.922;
2.746;0.912;
2.846;0.935;
2.866;0.93;
2.87;0.904;
2.802;0.917;
2.824;0.916;
2.892;0.941;
3.018;0.955;
3.072;0.948;
3.044;0.954;
2.868;0.928;
3.094;0.949;
3.092;0.945;
3.272;0.94;
2.97;0.927;
3.162;0.959;
3.244;0.962;
3.3;0.969;
3.312;0.972;
3.228;0.959;
3.29;0.962;
3.18;0.954;
3.196;0.958;
3.314;0.961;
3.218;0.956;
3.394;0.966;
3.466;0.97;
3.428;0.967;
3.344;0.953;
3.59;0.976;
3.402;0.961;
3.428;0.961;
3.53;0.97;
3.56;0.967;
3.392;0.96;
3.536;0.966;
3.562;0.968;
3.57;0.969;
3.554;0.969;
3.68;0.969;
3.734;0.982;
3.732;0.979;
3.662;0.969;
3.74;0.97;
3.684;0.976;
3.758;0.972;
3.64;0.97;
3.624;0.972;
3.832;0.976;
3.896;0.981;
4.016;0.982;
3.774;0.984;
3.792;0.982;
3.838;0.982;
3.928;0.978;
3.816;0.986;
4.032;0.982;
4.076;0.984;
3.994;0.977;
0.01;0.002;
0.028;0.002;
0.056;0.003;
0.094;0.004;
0.08;0.004;
0.096;0.003;
0.124;0.003;
0.144;0.005;
0.182;0.006;
0.206;0.005;
0.188;0.005;
0.184;0.005;
0.278;0.006;
0.266;0.005;
0.316;0.006;
0.26;0.005;
0.304;0.007;
0.346;0.008;
0.356;0.007;
0.39;0.011;
0.416;0.01;
0.454;0.009;
0.512;0.007;
0.462;0.008;
0.52;0.029;
0.536;0.018;
0.534;0.013;
0.53;0.009;
0.548;0.015;
0.604;0.01;
0.624;0.016;
0.6;0.011;
0.656;0.022;
0.66;0.024;
0.69;0.021;
0.704;0.013;
0.71;0.02;
0.776;0.031;
0.81;0.028;
0.842;0.034;
0.84;0.029;
0.842;0.041;
0.854;0.026;
0.898;0.034;
0.88;0.024;
0.886;0.07;
1.034;0.227;
1.05;0.049;
0.94;0.067;
0.972;0.054;
1.05;0.107;
0.942;0.03;
1.032;0.104;
1.138;0.239;
1.09;0.196;
1.03;0.119;
1.136;0.114;
1.162;0.341;
1.178;0.311;
1.15;0.072;
1.138;0.336;
1.252;0.307;
1.302;0.385;
1.22;0.294;
1.428;0.501;
1.218;0.302;
1.36;0.524;
1.298;0.321;
1.332;0.464;
1.416;0.484;
1.414;0.521;
1.458;0.566;
1.484;0.591;
1.476;0.577;
1.386;0.493;
1.544;0.591;
1.504;0.56;
1.666;0.684;
1.64;0.66;
1.528;0.581;
1.57;0.625;
1.616;0.642;
1.628;0.688;
1.572;0.643;
1.624;0.647;
1.754;0.722;
1.708;0.711;
1.748;0.705;
1.744;0.713;
1.846;0.764;
1.768;0.721;
1.8;0.718;
1.914;0.762;
1.872;0.764;
1.902;0.756;
1.946;0.799;
2.1;0.832;
2.022;0.803;
1.994;0.769;
2.002;0.78;
1.854;0.732;
1.928;0.767;
2.092;0.828;
2.086;0.825;
2.032;0.797;
2.036;0.824;
2.252;0.849;
2.142;0.81;
2.214;0.845;
2.21;0.837;
2.16;0.818;
2.22;0.836;
2.294;0.865;
2.294;0.856;
2.336;0.883;
2.312;0.864;
2.408;0.874;
2.358;0.857;
2.36;0.88;
2.474;0.902;
2.446;0.874;
2.546;0.913;
2.414;0.877;
2.466;0.897;
2.58;0.919;
2.472;0.88;
2.524;0.89;
2.664;0.909;
2.618;0.925;
2.594;0.916;
2.658;0.917;
2.55;0.892;
2.552;0.902;
2.702;0.906;
2.66;0.916;
2.73;0.913;
2.662;0.899;
2.748;0.915;
2.656;0.906;
2.79;0.917;
2.916;0.923;
3.0;0.937;
2.86;0.932;
2.84;0.927;
2.84;0.926;
2.814;0.917;
2.888;0.933;
2.846;0.937;
3.102;0.947;
3.016;0.947;
3.032;0.946;
3.116;0.941;
2.98;0.949;
3.008;0.944;
3.028;0.936;
3.134;0.951;
3.002;0.939;
3.252;0.953;
3.066;0.944;
3.132;0.948;
3.244;0.947;
3.316;0.965;
3.308;0.968;
3.274;0.966;
3.214;0.956;
3.356;0.971;
3.472;0.965;
3.526;0.972;
3.384;0.952;
3.38;0.969;
3.42;0.976;
3.444;0.954;
3.456;0.97;
3.48;0.98;
3.304;0.943;
3.556;0.975;
3.676;0.971;
3.46;0.967;
3.608;0.965;
3.662;0.968;
3.57;0.965;
3.738;0.971;
3.532;0.969;
3.692;0.973;
3.678;0.975;
3.812;0.977;
3.634;0.964;
3.894;0.978;
3.772;0.964;
3.792;0.965;
3.95;0.974;
3.796;0.978;
3.73;0.981;
3.868;0.981;
3.938;0.979;
3.822;0.98;
3.982;0.976;
4.068;0.982;
3.81;0.977;
4.062;0.978;
0.01;0.002;
0.048;0.003;
0.056;0.003;
0.084;0.003;
0.09;0.003;
0.116;0.003;
0.128;0.003;
0.164;0.005;
0.166;0.006;
0.218;0.006;
0.242;0.005;
0.268;0.005;
0.246;0.005;
0.262;0.01;
0.298;0.007;
0.264;0.007;
0.338;0.004;
0.364;0.01;
0.354;0.011;
0.382;0.008;
0.448;0.011;
0.438;0.01;
0.482;0.013;
0.464;0.009;
0.492;0.008;
0.506;0.013;
0.548;0.009;
0.548;0.01;
0.546;0.01;
0.572;0.011;
0.606;0.01;
0.622;0.012;
0.678;0.016;
0.764;0.054;
0.666;0.019;
0.726;0.046;
0.77;0.028;
0.74;0.025;
0.75;0.03;
0.766;0.02;
0.828;0.02;
0.758;0.073;
0.884;0.028;
0.86;0.036;
0.804;0.048;
0.894;0.043;
0.894;0.072;
0.944;0.043;
0.958;0.08;
0.992;0.063;
1.032;0.082;
1.094;0.142;
1.052;0.102;
1.102;0.074;
1.102;0.243;
1.142;0.154;
1.112;0.211;
1.216;0.345;
1.15;0.152;
1.322;0.463;
1.212;0.268;
1.188;0.228;
1.282;0.429;
1.322;0.496;
1.288;0.353;
1.274;0.307;
1.424;0.548;
1.396;0.502;
1.34;0.416;
1.39;0.493;
1.366;0.468;
1.412;0.505;
1.394;0.485;
1.47;0.528;
1.484;0.579;
1.5;0.623;
1.514;0.582;
1.534;0.603;
1.49;0.586;
1.54;0.635;
1.518;0.588;
1.742;0.678;
1.676;0.677;
1.688;0.696;
1.644;0.683;
1.754;0.722;
1.64;0.674;
1.772;0.733;
1.822;0.729;
1.882;0.769;
1.738;0.725;
1.922;0.767;
1.868;0.726;
1.796;0.739;
2.02;0.795;
1.826;0.752;
1.928;0.782;
1.882;0.768;
1.9;0.774;
1.978;0.8;
2.08;0.831;
2.01;0.806;
2.146;0.841;
2.124;0.815;
2.116;0.838;
2.032;0.81;
2.14;0.831;
2.18;0.843;
2.124;0.846;
2.238;0.854;
2.184;0.848;
2.14;0.82;
2.256;0.862;
2.208;0.854;
2.214;0.858;
2.262;0.843;
2.358;0.879;
2.456;0.866;
2.374;0.858;
2.362;0.875;
2.418;0.879;
2.438;0.886;
2.478;0.878;
2.42;0.881;
2.514;0.894;
2.646;0.914;
2.498;0.887;
2.542;0.918;
2.6;0.914;
2.534;0.886;
2.65;0.902;
2.6;0.892;
2.64;0.91;
2.672;0.914;
2.708;0.907;
2.74;0.913;
2.76;0.906;
2.766;0.927;
2.818;0.913;
2.694;0.918;
2.864;0.93;
2.784;0.913;
2.832;0.94;
2.8;0.914;
2.866;0.944;
3.028;0.943;
2.938;0.932;
2.968;0.939;
2.988;0.949;
2.974;0.941;
2.946;0.919;
3.136;0.958;
3.052;0.951;
3.206;0.96;
3.038;0.948;
2.988;0.945;
3.096;0.937;
3.084;0.951;
3.22;0.95;
3.2;0.97;
3.152;0.949;
3.118;0.949;
3.246;0.956;
3.316;0.962;
3.344;0.957;
3.324;0.951;
3.296;0.97;
3.24;0.953;
3.406;0.956;
3.346;0.965;
3.588;0.966;
3.378;0.961;
3.424;0.966;
3.388;0.965;
3.532;0.976;
3.634;0.974;
3.564;0.966;
3.5;0.963;
3.484;0.963;
3.592;0.979;
3.642;0.969;
3.522;0.968;
3.686;0.968;
3.55;0.962;
3.814;0.978;
3.89;0.977;
3.858;0.973;
3.798;0.968;
3.658;0.97;
3.628;0.959;
3.766;0.978;
3.804;0.976;
3.822;0.975;
3.914;0.972;
3.868;0.971;
3.94;0.98;
3.944;0.971;
3.878;0.982;
3.936;0.976;
4.032;0.986;
0.014;0.002;
0.024;0.002;
0.076;0.003;
0.052;0.003;
0.08;0.003;
0.108;0.003;
0.12;0.003;
0.144;0.005;
0.156;0.004;
0.216;0.007;
0.214;0.005;
0.218;0.005;
0.234;0.005;
0.302;0.005;
0.286;0.005;
0.346;0.008;
0.318;0.005;
0.306;0.006;
0.37;0.006;
0.428;0.01;
0.382;0.008;
0.366;0.007;
0.414;0.013;
0.48;0.011;
0.504;0.008;
0.54;0.013;
0.534;0.012;
0.488;0.01;
0.564;0.015;
0.578;0.014;
0.574;0.008;
0.626;0.022;
0.638;0.03;
0.65;0.016;
0.668;0.02;
0.728;0.03;
0.774;0.023;
0.72;0.018;
0.734;0.027;
0.776;0.027;
0.8;0.017;
0.82;0.048;
0.776;0.021;
0.89;0.073;
0.876;0.038;
0.918;0.03;
0.972;0.05;
1.004;0.185;
0.94;0.091;
0.992;0.1;
0.94;0.043;
0.99;0.065;
0.982;0.086;
1.062;0.183;
1.134;0.241;
1.06;0.147;
1.124;0.119;
1.166;0.127;
1.194;0.363;
1.152;0.208;
1.246;0.379;
1.212;0.326;
1.228;0.426;
1.306;0.478;
1.28;0.402;
1.346;0.275;
1.314;0.474;
1.304;0.42;
1.328;0.444;
1.314;0.477;
1.394;0.476;
1.406;0.51;
1.538;0.613;
1.384;0.483;
1.53;0.605;
1.468;0.588;
1.592;0.621;
1.534;0.603;
1.616;0.633;
1.632;0.635;
1.678;0.68;
1.712;0.711;
1.566;0.604;
1.576;0.612;
1.71;0.706;
1.68;0.707;
1.774;0.723;
1.784;0.723;
1.722;0.714;
1.798;0.721;
1.86;0.764;
1.786;0.708;
1.952;0.79;
1.804;0.714;
1.868;0.753;
1.978;0.814;
1.872;0.746;
1.988;0.791;
1.91;0.77;
1.954;0.815;
2.024;0.802;
1.932;0.76;
1.986;0.799;
2.026;0.78;
2.028;0.81;
1.934;0.764;
2.096;0.829;
2.128;0.822;
2.078;0.803;
2.274;0.862;
2.172;0.85;
2.17;0.812;
2.21;0.853;
2.23;0.859;
2.168;0.822;
2.392;0.859;
2.3;0.867;
2.294;0.867;
2.28;0.856;
2.214;0.841;
2.314;0.868;
2.472;0.892;
2.458;0.883;
2.454;0.887;
2.492;0.888;
2.632;0.92;
2.484;0.891;
2.556;0.906;
2.576;0.905;
2.622;0.888;
2.538;0.9;
2.692;0.921;
2.71;0.917;
2.778;0.934;
2.776;0.913;
2.69;0.906;
2.586;0.907;
2.69;0.925;
2.868;0.93;
2.712;0.913;
2.824;0.923;
2.924;0.929;
2.886;0.929;
2.978;0.944;
2.852;0.934;
2.948;0.952;
2.822;0.928;
2.984;0.937;
2.962;0.936;
3.028;0.942;
2.986;0.937;
3.122;0.944;
2.992;0.945;
3.07;0.954;
3.044;0.942;
3.082;0.946;
3.028;0.952;
3.056;0.947;
3.018;0.949;
3.102;0.932;
3.224;0.963;
3.26;0.949;
3.15;0.943;
3.224;0.949;
3.152;0.939;
3.206;0.956;
3.25;0.951;
3.194;0.942;
3.362;0.955;
3.52;0.96;
3.226;0.961;
3.35;0.959;
3.496;0.954;
3.396;0.967;
3.51;0.963;
3.558;0.966;
3.628;0.972;
3.684;0.969;
3.614;0.975;
3.508;0.967;
3.582;0.963;
3.638;0.976;
3.652;0.972;
3.768;0.972;
3.688;0.974;
3.662;0.972;
3.758;0.975;
3.8;0.975;
3.81;0.98;
3.782;0.977;
3.788;0.976;
3.866;0.974;
3.894;0.973;
3.876;0.985;
3.912;0.985;
3.968;0.983;
3.85;0.975;
3.98;0.979;
4.086;0.98;
3.952;0.975;